Seed	Label	Precision	Recall	F1	Accuracy
2	0	0.9630	0.9630	0.9630	0.9665
2	1	0.9627	0.9847	0.9736	0.9665
2	2	0.9815	0.9298	0.9550	0.9665

Confusion Matrix for Seed 2:
[[ 78,   3,   0],
 [  1, 129,   1],
 [  2,   2,  53]]
4	0	0.8750	0.9506	0.9112	0.9257
4	1	0.9677	0.9160	0.9412	0.9257
4	2	0.9123	0.9123	0.9123	0.9257

Confusion Matrix for Seed 4:
[[ 77,   2,   2],
 [  8, 120,   3],
 [  3,   2,  52]]
6	0	0.9186	0.9753	0.9461	0.9517
6	1	0.9685	0.9389	0.9535	0.9517
6	2	0.9643	0.9474	0.9558	0.9517

Confusion Matrix for Seed 6:
[[ 79,   2,   0],
 [  6, 123,   2],
 [  1,   2,  54]]
8	0	0.9487	0.9136	0.9308	0.9517
8	1	0.9478	0.9695	0.9585	0.9517
8	2	0.9649	0.9649	0.9649	0.9517

Confusion Matrix for Seed 8:
[[ 74,   6,   1],
 [  3, 127,   1],
 [  1,   1,  55]]
10	0	0.9157	0.9383	0.9268	0.9517
10	1	0.9690	0.9542	0.9615	0.9517
10	2	0.9649	0.9649	0.9649	0.9517

Confusion Matrix for Seed 10:
[[ 76,   4,   1],
 [  5, 125,   1],
 [  2,   0,  55]]
12	0	0.9167	0.9506	0.9333	0.9331
12	1	0.9389	0.9389	0.9389	0.9331
12	2	0.9444	0.8947	0.9189	0.9331

Confusion Matrix for Seed 12:
[[ 77,   3,   1],
 [  6, 123,   2],
 [  1,   5,  51]]
14	0	0.9294	0.9753	0.9518	0.9554
14	1	0.9762	0.9389	0.9572	0.9554
14	2	0.9483	0.9649	0.9565	0.9554

Confusion Matrix for Seed 14:
[[ 79,   2,   0],
 [  5, 123,   3],
 [  1,   1,  55]]
16	0	0.9125	0.9012	0.9068	0.9145
16	1	0.9449	0.9160	0.9302	0.9145
16	2	0.8548	0.9298	0.8908	0.9145

Confusion Matrix for Seed 16:
[[ 73,   5,   3],
 [  5, 120,   6],
 [  2,   2,  53]]
18	0	0.9250	0.9136	0.9193	0.9331
18	1	0.9470	0.9542	0.9506	0.9331
18	2	0.9123	0.9123	0.9123	0.9331

Confusion Matrix for Seed 18:
[[ 74,   4,   3],
 [  4, 125,   2],
 [  2,   3,  52]]
20	0	0.9747	0.9506	0.9625	0.9517
20	1	0.9281	0.9847	0.9556	0.9517
20	2	0.9804	0.8772	0.9259	0.9517

Confusion Matrix for Seed 20:
[[ 77,   3,   1],
 [  2, 129,   0],
 [  0,   7,  50]]
22	0	0.9620	0.9383	0.9500	0.9554
22	1	0.9545	0.9618	0.9582	0.9554
22	2	0.9483	0.9649	0.9565	0.9554

Confusion Matrix for Seed 22:
[[ 76,   4,   1],
 [  3, 126,   2],
 [  0,   2,  55]]
24	0	0.9481	0.9012	0.9241	0.9331
24	1	0.9683	0.9313	0.9494	0.9331
24	2	0.8485	0.9825	0.9106	0.9331

Confusion Matrix for Seed 24:
[[ 73,   3,   5],
 [  4, 122,   5],
 [  0,   1,  56]]
26	0	0.9506	0.9506	0.9506	0.9517
26	1	0.9478	0.9695	0.9585	0.9517
26	2	0.9630	0.9123	0.9369	0.9517

Confusion Matrix for Seed 26:
[[ 77,   4,   0],
 [  2, 127,   2],
 [  2,   3,  52]]
28	0	0.9375	0.9259	0.9317	0.9480
28	1	0.9542	0.9542	0.9542	0.9480
28	2	0.9483	0.9649	0.9565	0.9480

Confusion Matrix for Seed 28:
[[ 75,   5,   1],
 [  4, 125,   2],
 [  1,   1,  55]]
30	0	0.9390	0.9506	0.9448	0.9442
30	1	0.9420	0.9924	0.9665	0.9442
30	2	0.9592	0.8246	0.8868	0.9442

Confusion Matrix for Seed 30:
[[ 77,   3,   1],
 [  0, 130,   1],
 [  5,   5,  47]]
32	0	0.9268	0.9383	0.9325	0.9480
32	1	0.9542	0.9542	0.9542	0.9480
32	2	0.9643	0.9474	0.9558	0.9480

Confusion Matrix for Seed 32:
[[ 76,   4,   1],
 [  5, 125,   1],
 [  1,   2,  54]]
34	0	0.8764	0.9630	0.9176	0.9257
34	1	0.9597	0.9084	0.9333	0.9257
34	2	0.9286	0.9123	0.9204	0.9257

Confusion Matrix for Seed 34:
[[ 78,   3,   0],
 [  8, 119,   4],
 [  3,   2,  52]]
36	0	0.9474	0.8889	0.9172	0.9331
36	1	0.9462	0.9389	0.9425	0.9331
36	2	0.8889	0.9825	0.9333	0.9331

Confusion Matrix for Seed 36:
[[ 72,   6,   3],
 [  4, 123,   4],
 [  0,   1,  56]]
38	0	0.9048	0.9383	0.9212	0.9294
38	1	0.9385	0.9313	0.9349	0.9294
38	2	0.9455	0.9123	0.9286	0.9294

Confusion Matrix for Seed 38:
[[ 76,   4,   1],
 [  7, 122,   2],
 [  1,   4,  52]]
40	0	0.9059	0.9506	0.9277	0.9517
40	1	0.9618	0.9618	0.9618	0.9517
40	2	1.0000	0.9298	0.9636	0.9517

Confusion Matrix for Seed 40:
[[ 77,   4,   0],
 [  5, 126,   0],
 [  3,   1,  53]]
