Seed	Label	Precision	Recall	F1	Accuracy
2	0	0.8550	0.8058	0.8296	0.8462
2	1	0.8798	0.9045	0.8920	0.8462
2	2	0.7745	0.7980	0.7861	0.8462

Confusion Matrix for Seed 2:
[[112,  14,  13],
 [  7, 161,  10],
 [ 12,   8,  79]]
4	0	0.8380	0.8561	0.8470	0.8630
4	1	0.8939	0.8989	0.8964	0.8630
4	2	0.8421	0.8081	0.8247	0.8630

Confusion Matrix for Seed 4:
[[119,  12,   8],
 [ 11, 160,   7],
 [ 12,   7,  80]]
6	0	0.8182	0.8417	0.8298	0.8630
6	1	0.9081	0.9438	0.9256	0.8630
6	2	0.8409	0.7475	0.7914	0.8630

Confusion Matrix for Seed 6:
[[117,  10,  12],
 [  8, 168,   2],
 [ 18,   7,  74]]
8	0	0.8667	0.8417	0.8540	0.8702
8	1	0.9167	0.9270	0.9218	0.8702
8	2	0.7921	0.8081	0.8000	0.8702

Confusion Matrix for Seed 8:
[[117,   7,  15],
 [  7, 165,   6],
 [ 11,   8,  80]]
10	0	0.8333	0.8273	0.8303	0.8558
10	1	0.9061	0.9213	0.9136	0.8558
10	2	0.7938	0.7778	0.7857	0.8558

Confusion Matrix for Seed 10:
[[115,   9,  15],
 [  9, 164,   5],
 [ 14,   8,  77]]
12	0	0.8451	0.8633	0.8541	0.8582
12	1	0.9034	0.8933	0.8983	0.8582
12	2	0.7959	0.7879	0.7919	0.8582

Confusion Matrix for Seed 12:
[[120,   8,  11],
 [ 10, 159,   9],
 [ 12,   9,  78]]
14	0	0.8507	0.8201	0.8352	0.8486
14	1	0.8785	0.8933	0.8858	0.8486
14	2	0.7921	0.8081	0.8000	0.8486

Confusion Matrix for Seed 14:
[[114,  15,  10],
 [  8, 159,  11],
 [ 12,   7,  80]]
16	0	0.8027	0.8489	0.8252	0.8413
16	1	0.8857	0.8708	0.8782	0.8413
16	2	0.8191	0.7778	0.7979	0.8413

Confusion Matrix for Seed 16:
[[118,  11,  10],
 [ 16, 155,   7],
 [ 13,   9,  77]]
18	0	0.8815	0.8561	0.8686	0.8534
18	1	0.8914	0.8764	0.8839	0.8534
18	2	0.7547	0.8081	0.7805	0.8534

Confusion Matrix for Seed 18:
[[119,   7,  13],
 [  9, 156,  13],
 [  7,  12,  80]]
20	0	0.8472	0.8777	0.8622	0.8606
20	1	0.8907	0.9157	0.9030	0.8606
20	2	0.8202	0.7374	0.7766	0.8606

Confusion Matrix for Seed 20:
[[122,  10,   7],
 [  6, 163,   9],
 [ 16,  10,  73]]
22	0	0.8828	0.8129	0.8464	0.8606
22	1	0.8710	0.9101	0.8901	0.8606
22	2	0.8137	0.8384	0.8259	0.8606

Confusion Matrix for Seed 22:
[[113,  14,  12],
 [  9, 162,   7],
 [  6,  10,  83]]
24	0	0.8392	0.8633	0.8511	0.8486
24	1	0.8686	0.8539	0.8612	0.8486
24	2	0.8265	0.8182	0.8223	0.8486

Confusion Matrix for Seed 24:
[[120,  13,   6],
 [ 15, 152,  11],
 [  8,  10,  81]]
26	0	0.8550	0.8058	0.8296	0.8558
26	1	0.8485	0.9438	0.8936	0.8558
26	2	0.8736	0.7677	0.8172	0.8558

Confusion Matrix for Seed 26:
[[112,  20,   7],
 [  6, 168,   4],
 [ 13,  10,  76]]
28	0	0.9134	0.8345	0.8722	0.8630
28	1	0.8446	0.9157	0.8787	0.8630
28	2	0.8333	0.8081	0.8205	0.8630

Confusion Matrix for Seed 28:
[[116,  18,   5],
 [  4, 163,  11],
 [  7,  12,  80]]
30	0	0.8133	0.8777	0.8443	0.8486
30	1	0.8783	0.9326	0.9046	0.8486
30	2	0.8442	0.6566	0.7386	0.8486

Confusion Matrix for Seed 30:
[[122,  10,   7],
 [  7, 166,   5],
 [ 21,  13,  65]]
32	0	0.8201	0.8201	0.8201	0.8462
32	1	0.8852	0.9101	0.8975	0.8462
32	2	0.8085	0.7677	0.7876	0.8462

Confusion Matrix for Seed 32:
[[114,  14,  11],
 [  9, 162,   7],
 [ 16,   7,  76]]
34	0	0.8592	0.8777	0.8683	0.8750
34	1	0.8962	0.9213	0.9086	0.8750
34	2	0.8571	0.7879	0.8211	0.8750

Confusion Matrix for Seed 34:
[[122,  11,   6],
 [  7, 164,   7],
 [ 13,   8,  78]]
36	0	0.8814	0.7482	0.8093	0.8245
36	1	0.8351	0.9101	0.8710	0.8245
36	2	0.7404	0.7778	0.7586	0.8245

Confusion Matrix for Seed 36:
[[104,  18,  17],
 [  6, 162,  10],
 [  8,  14,  77]]
38	0	0.8345	0.8345	0.8345	0.8534
38	1	0.8971	0.8820	0.8895	0.8534
38	2	0.8039	0.8283	0.8159	0.8534

Confusion Matrix for Seed 38:
[[116,  12,  11],
 [ 12, 157,   9],
 [ 11,   6,  82]]
40	0	0.7763	0.8489	0.8110	0.8317
40	1	0.8800	0.8652	0.8725	0.8317
40	2	0.8315	0.7475	0.7872	0.8317

Confusion Matrix for Seed 40:
[[118,  12,   9],
 [ 18, 154,   6],
 [ 16,   9,  74]]
