Seed	Label	Precision	Recall	F1	Accuracy
2	0	0.7736	0.7069	0.7387	0.6991
2	1	0.6034	0.7447	0.6667	0.6991
2	2	0.6400	0.7619	0.6957	0.6991
2	3	0.8182	0.6923	0.7500	0.6991
2	4	0.8000	0.6667	0.7273	0.6991
2	5	0.6923	0.8182	0.7500	0.6991
2	6	0.8750	0.7000	0.7778	0.6991
2	7	0.8333	0.8333	0.8333	0.6991
2	8	0.8000	1.0000	0.8889	0.6991
2	9	0.6667	0.6667	0.6667	0.6991
2	10	1.0000	0.6667	0.8000	0.6991
2	11	0.5000	0.5000	0.5000	0.6991
2	12	0.0000	0.0000	0.0000	0.6991
2	13	1.0000	0.5000	0.6667	0.6991
2	14	0.0000	0.0000	0.0000	0.6991
2	15	0.0000	0.0000	0.0000	0.6991
2	16	1.0000	1.0000	1.0000	0.6991
2	17	0.0000	0.0000	0.0000	0.6991
2	18	0.0000	0.0000	0.0000	0.6991
2	19	1.0000	1.0000	1.0000	0.6991
2	20	0.0000	0.0000	0.0000	0.6991
2	21	0.0000	0.0000	0.0000	0.6991
2	22	0.0000	0.0000	0.0000	0.6991
2	23	0.0000	0.0000	0.0000	0.6991
2	24	0.0000	0.0000	0.0000	0.6991

Confusion Matrix for Seed 2:
[[41,  9,  6,  0,  1,  0,  1,  0,  0,  0,  0,  0,  0,  0,  0,  0,  0,  0,
   0,  0,  0,  0,  0,  0,  0],
 [ 3, 35,  7,  0,  0,  1,  0,  0,  0,  1,  0,  0,  0,  0,  0,  0,  0,  0,
   0,  0,  0,  0,  0,  0,  0],
 [ 4,  5, 32,  0,  0,  0,  0,  1,  0,  0,  0,  0,  0,  0,  0,  0,  0,  0,
   0,  0,  0,  0,  0,  0,  0],
 [ 1,  2,  0,  9,  0,  0,  0,  0,  0,  0,  0,  0,  0,  0,  0,  0,  0,  1,
   0,  0,  0,  0,  0,  0,  0],
 [ 1,  2,  0,  1,  8,  0,  0,  0,  0,  0,  0,  0,  0,  0,  0,  0,  0,  0,
   0,  0,  0,  0,  0,  0,  0],
 [ 1,  0,  1,  0,  0,  9,  0,  0,  0,  0,  0,  0,  0,  0,  0,  0,  0,  0,
   0,  0,  0,  0,  0,  0,  0],
 [ 0,  1,  0,  0,  0,  2,  7,  0,  0,  0,  0,  0,  0,  0,  0,  0,  0,  0,
   0,  0,  0,  0,  0,  0,  0],
 [ 0,  0,  1,  0,  0,  0,  0,  5,  0,  0,  0,  0,  0,  0,  0,  0,  0,  0,
   0,  0,  0,  0,  0,  0,  0],
 [ 0,  0,  0,  0,  0,  0,  0,  0,  4,  0,  0,  0,  0,  0,  0,  0,  0,  0,
   0,  0,  0,  0,  0,  0,  0],
 [ 0,  0,  0,  0,  0,  0,  0,  0,  1,  2,  0,  0,  0,  0,  0,  0,  0,  0,
   0,  0,  0,  0,  0,  0,  0],
 [ 1,  0,  0,  0,  0,  0,  0,  0,  0,  0,  2,  0,  0,  0,  0,  0,  0,  0,
   0,  0,  0,  0,  0,  0,  0],
 [ 0,  0,  0,  0,  1,  0,  0,  0,  0,  0,  0,  1,  0,  0,  0,  0,  0,  0,
   0,  0,  0,  0,  0,  0,  0],
 [ 0,  1,  0,  0,  0,  0,  0,  0,  0,  0,  0,  1,  0,  0,  0,  0,  0,  0,
   0,  0,  0,  0,  0,  0,  0],
 [ 0,  1,  0,  0,  0,  0,  0,  0,  0,  0,  0,  0,  0,  1,  0,  0,  0,  0,
   0,  0,  0,  0,  0,  0,  0],
 [ 1,  0,  0,  0,  0,  0,  0,  0,  0,  0,  0,  0,  0,  0,  0,  0,  0,  0,
   0,  0,  0,  0,  0,  0,  0],
 [ 0,  0,  0,  0,  0,  1,  0,  0,  0,  0,  0,  0,  0,  0,  0,  0,  0,  0,
   0,  0,  0,  0,  0,  0,  0],
 [ 0,  0,  0,  0,  0,  0,  0,  0,  0,  0,  0,  0,  0,  0,  0,  0,  1,  0,
   0,  0,  0,  0,  0,  0,  0],
 [ 0,  1,  0,  0,  0,  0,  0,  0,  0,  0,  0,  0,  0,  0,  0,  0,  0,  0,
   0,  0,  0,  0,  0,  0,  0],
 [ 0,  0,  1,  0,  0,  0,  0,  0,  0,  0,  0,  0,  0,  0,  0,  0,  0,  0,
   0,  0,  0,  0,  0,  0,  0],
 [ 0,  0,  0,  0,  0,  0,  0,  0,  0,  0,  0,  0,  0,  0,  0,  0,  0,  0,
   0,  1,  0,  0,  0,  0,  0],
 [ 0,  0,  1,  0,  0,  0,  0,  0,  0,  0,  0,  0,  0,  0,  0,  0,  0,  0,
   0,  0,  0,  0,  0,  0,  0],
 [ 0,  0,  0,  1,  0,  0,  0,  0,  0,  0,  0,  0,  0,  0,  0,  0,  0,  0,
   0,  0,  0,  0,  0,  0,  0],
 [ 0,  0,  1,  0,  0,  0,  0,  0,  0,  0,  0,  0,  0,  0,  0,  0,  0,  0,
   0,  0,  0,  0,  0,  0,  0],
 [ 0,  1,  0,  0,  0,  0,  0,  0,  0,  0,  0,  0,  0,  0,  0,  0,  0,  0,
   0,  0,  0,  0,  0,  0,  0],
 [ 0,  0,  0,  0,  0,  0,  0,  0,  0,  0,  0,  0,  1,  0,  0,  0,  0,  0,
   0,  0,  0,  0,  0,  0,  0]]
4	0	0.8077	0.7241	0.7636	0.7345
4	1	0.7143	0.8511	0.7767	0.7345
4	2	0.6471	0.7857	0.7097	0.7345
4	3	0.8333	0.7692	0.8000	0.7345
4	4	0.7692	0.8333	0.8000	0.7345
4	5	0.7273	0.7273	0.7273	0.7345
4	6	0.6250	0.5000	0.5556	0.7345
4	7	0.6667	0.6667	0.6667	0.7345
4	8	1.0000	1.0000	1.0000	0.7345
4	9	1.0000	0.6667	0.8000	0.7345
4	10	0.7500	1.0000	0.8571	0.7345
4	11	0.0000	0.0000	0.0000	0.7345
4	12	1.0000	0.5000	0.6667	0.7345
4	13	1.0000	0.5000	0.6667	0.7345
4	14	0.0000	0.0000	0.0000	0.7345
4	15	0.0000	0.0000	0.0000	0.7345
4	16	1.0000	1.0000	1.0000	0.7345
4	17	1.0000	1.0000	1.0000	0.7345
4	18	0.0000	0.0000	0.0000	0.7345
4	19	1.0000	1.0000	1.0000	0.7345
4	20	0.0000	0.0000	0.0000	0.7345
4	21	0.0000	0.0000	0.0000	0.7345
4	22	0.0000	0.0000	0.0000	0.7345
4	23	0.0000	0.0000	0.0000	0.7345
4	24	0.0000	0.0000	0.0000	0.7345

Confusion Matrix for Seed 4:
[[42,  8,  6,  0,  0,  1,  1,  0,  0,  0,  0,  0,  0,  0,  0,  0,  0,  0,
   0,  0,  0,  0,  0,  0,  0],
 [ 4, 40,  1,  0,  2,  0,  0,  0,  0,  0,  0,  0,  0,  0,  0,  0,  0,  0,
   0,  0,  0,  0,  0,  0,  0],
 [ 2,  3, 33,  1,  0,  0,  1,  1,  0,  0,  1,  0,  0,  0,  0,  0,  0,  0,
   0,  0,  0,  0,  0,  0,  0],
 [ 0,  1,  1, 10,  0,  0,  1,  0,  0,  0,  0,  0,  0,  0,  0,  0,  0,  0,
   0,  0,  0,  0,  0,  0,  0],
 [ 0,  1,  1,  0, 10,  0,  0,  0,  0,  0,  0,  0,  0,  0,  0,  0,  0,  0,
   0,  0,  0,  0,  0,  0,  0],
 [ 1,  1,  1,  0,  0,  8,  0,  0,  0,  0,  0,  0,  0,  0,  0,  0,  0,  0,
   0,  0,  0,  0,  0,  0,  0],
 [ 2,  1,  0,  1,  0,  1,  5,  0,  0,  0,  0,  0,  0,  0,  0,  0,  0,  0,
   0,  0,  0,  0,  0,  0,  0],
 [ 0,  0,  2,  0,  0,  0,  0,  4,  0,  0,  0,  0,  0,  0,  0,  0,  0,  0,
   0,  0,  0,  0,  0,  0,  0],
 [ 0,  0,  0,  0,  0,  0,  0,  0,  4,  0,  0,  0,  0,  0,  0,  0,  0,  0,
   0,  0,  0,  0,  0,  0,  0],
 [ 0,  0,  1,  0,  0,  0,  0,  0,  0,  2,  0,  0,  0,  0,  0,  0,  0,  0,
   0,  0,  0,  0,  0,  0,  0],
 [ 0,  0,  0,  0,  0,  0,  0,  0,  0,  0,  3,  0,  0,  0,  0,  0,  0,  0,
   0,  0,  0,  0,  0,  0,  0],
 [ 0,  0,  1,  0,  0,  0,  0,  0,  0,  0,  0,  0,  0,  0,  0,  0,  0,  0,
   0,  0,  0,  1,  0,  0,  0],
 [ 0,  0,  0,  0,  0,  0,  0,  1,  0,  0,  0,  0,  1,  0,  0,  0,  0,  0,
   0,  0,  0,  0,  0,  0,  0],
 [ 0,  0,  1,  0,  0,  0,  0,  0,  0,  0,  0,  0,  0,  1,  0,  0,  0,  0,
   0,  0,  0,  0,  0,  0,  0],
 [ 0,  0,  1,  0,  0,  0,  0,  0,  0,  0,  0,  0,  0,  0,  0,  0,  0,  0,
   0,  0,  0,  0,  0,  0,  0],
 [ 0,  0,  0,  0,  0,  1,  0,  0,  0,  0,  0,  0,  0,  0,  0,  0,  0,  0,
   0,  0,  0,  0,  0,  0,  0],
 [ 0,  0,  0,  0,  0,  0,  0,  0,  0,  0,  0,  0,  0,  0,  0,  0,  1,  0,
   0,  0,  0,  0,  0,  0,  0],
 [ 0,  0,  0,  0,  0,  0,  0,  0,  0,  0,  0,  0,  0,  0,  0,  0,  0,  1,
   0,  0,  0,  0,  0,  0,  0],
 [ 0,  0,  1,  0,  0,  0,  0,  0,  0,  0,  0,  0,  0,  0,  0,  0,  0,  0,
   0,  0,  0,  0,  0,  0,  0],
 [ 0,  0,  0,  0,  0,  0,  0,  0,  0,  0,  0,  0,  0,  0,  0,  0,  0,  0,
   0,  1,  0,  0,  0,  0,  0],
 [ 0,  0,  1,  0,  0,  0,  0,  0,  0,  0,  0,  0,  0,  0,  0,  0,  0,  0,
   0,  0,  0,  0,  0,  0,  0],
 [ 0,  1,  0,  0,  0,  0,  0,  0,  0,  0,  0,  0,  0,  0,  0,  0,  0,  0,
   0,  0,  0,  0,  0,  0,  0],
 [ 0,  0,  0,  0,  1,  0,  0,  0,  0,  0,  0,  0,  0,  0,  0,  0,  0,  0,
   0,  0,  0,  0,  0,  0,  0],
 [ 1,  0,  0,  0,  0,  0,  0,  0,  0,  0,  0,  0,  0,  0,  0,  0,  0,  0,
   0,  0,  0,  0,  0,  0,  0],
 [ 0,  0,  0,  0,  0,  0,  0,  0,  0,  0,  0,  0,  0,  0,  0,  0,  0,  0,
   0,  0,  0,  1,  0,  0,  0]]
6	0	0.7119	0.7241	0.7179	0.6770
6	1	0.7000	0.7447	0.7216	0.6770
6	2	0.6170	0.6905	0.6517	0.6770
6	3	0.6364	0.5385	0.5833	0.6770
6	4	0.9000	0.7500	0.8182	0.6770
6	5	0.7273	0.7273	0.7273	0.6770
6	6	0.6364	0.7000	0.6667	0.6770
6	7	1.0000	1.0000	1.0000	0.6770
6	8	0.6667	1.0000	0.8000	0.6770
6	9	0.0000	0.0000	0.0000	0.6770
6	10	0.5000	0.3333	0.4000	0.6770
6	11	0.5000	0.5000	0.5000	0.6770
6	12	0.0000	0.0000	0.0000	0.6770
6	13	1.0000	1.0000	1.0000	0.6770
6	14	0.0000	0.0000	0.0000	0.6770
6	15	0.0000	0.0000	0.0000	0.6770
6	16	1.0000	1.0000	1.0000	0.6770
6	17	0.0000	0.0000	0.0000	0.6770
6	18	0.0000	0.0000	0.0000	0.6770
6	19	1.0000	1.0000	1.0000	0.6770
6	20	0.0000	0.0000	0.0000	0.6770
6	21	0.0000	0.0000	0.0000	0.6770
6	22	0.0000	0.0000	0.0000	0.6770
6	23	0.0000	0.0000	0.0000	0.6770
6	24	0.0000	0.0000	0.0000	0.6770

Confusion Matrix for Seed 6:
[[42,  5,  7,  1,  0,  1,  0,  0,  0,  0,  0,  0,  1,  0,  1,  0,  0,  0,
   0,  0,  0,  0,  0,  0,  0],
 [ 3, 35,  4,  0,  0,  1,  2,  0,  0,  1,  0,  0,  0,  0,  1,  0,  0,  0,
   0,  0,  0,  0,  0,  0,  0],
 [11,  2, 29,  0,  0,  0,  0,  0,  0,  0,  0,  0,  0,  0,  0,  0,  0,  0,
   0,  0,  0,  0,  0,  0,  0],
 [ 0,  4,  0,  7,  0,  0,  1,  0,  1,  0,  0,  0,  0,  0,  0,  0,  0,  0,
   0,  0,  0,  0,  0,  0,  0],
 [ 0,  1,  1,  0,  9,  0,  0,  0,  0,  0,  0,  1,  0,  0,  0,  0,  0,  0,
   0,  0,  0,  0,  0,  0,  0],
 [ 0,  0,  1,  0,  0,  8,  1,  0,  0,  0,  0,  0,  1,  0,  0,  0,  0,  0,
   0,  0,  0,  0,  0,  0,  0],
 [ 1,  0,  0,  1,  0,  1,  7,  0,  0,  0,  0,  0,  0,  0,  0,  0,  0,  0,
   0,  0,  0,  0,  0,  0,  0],
 [ 0,  0,  0,  0,  0,  0,  0,  6,  0,  0,  0,  0,  0,  0,  0,  0,  0,  0,
   0,  0,  0,  0,  0,  0,  0],
 [ 0,  0,  0,  0,  0,  0,  0,  0,  4,  0,  0,  0,  0,  0,  0,  0,  0,  0,
   0,  0,  0,  0,  0,  0,  0],
 [ 0,  2,  0,  0,  1,  0,  0,  0,  0,  0,  0,  0,  0,  0,  0,  0,  0,  0,
   0,  0,  0,  0,  0,  0,  0],
 [ 0,  0,  1,  1,  0,  0,  0,  0,  0,  0,  1,  0,  0,  0,  0,  0,  0,  0,
   0,  0,  0,  0,  0,  0,  0],
 [ 1,  0,  0,  0,  0,  0,  0,  0,  0,  0,  0,  1,  0,  0,  0,  0,  0,  0,
   0,  0,  0,  0,  0,  0,  0],
 [ 0,  0,  0,  0,  0,  0,  0,  0,  1,  0,  1,  0,  0,  0,  0,  0,  0,  0,
   0,  0,  0,  0,  0,  0,  0],
 [ 0,  0,  0,  0,  0,  0,  0,  0,  0,  0,  0,  0,  0,  2,  0,  0,  0,  0,
   0,  0,  0,  0,  0,  0,  0],
 [ 0,  0,  1,  0,  0,  0,  0,  0,  0,  0,  0,  0,  0,  0,  0,  0,  0,  0,
   0,  0,  0,  0,  0,  0,  0],
 [ 0,  0,  0,  0,  0,  0,  0,  0,  0,  0,  0,  0,  1,  0,  0,  0,  0,  0,
   0,  0,  0,  0,  0,  0,  0],
 [ 0,  0,  0,  0,  0,  0,  0,  0,  0,  0,  0,  0,  0,  0,  0,  0,  1,  0,
   0,  0,  0,  0,  0,  0,  0],
 [ 0,  1,  0,  0,  0,  0,  0,  0,  0,  0,  0,  0,  0,  0,  0,  0,  0,  0,
   0,  0,  0,  0,  0,  0,  0],
 [ 0,  0,  1,  0,  0,  0,  0,  0,  0,  0,  0,  0,  0,  0,  0,  0,  0,  0,
   0,  0,  0,  0,  0,  0,  0],
 [ 0,  0,  0,  0,  0,  0,  0,  0,  0,  0,  0,  0,  0,  0,  0,  0,  0,  0,
   0,  1,  0,  0,  0,  0,  0],
 [ 0,  0,  1,  0,  0,  0,  0,  0,  0,  0,  0,  0,  0,  0,  0,  0,  0,  0,
   0,  0,  0,  0,  0,  0,  0],
 [ 0,  0,  0,  1,  0,  0,  0,  0,  0,  0,  0,  0,  0,  0,  0,  0,  0,  0,
   0,  0,  0,  0,  0,  0,  0],
 [ 0,  0,  1,  0,  0,  0,  0,  0,  0,  0,  0,  0,  0,  0,  0,  0,  0,  0,
   0,  0,  0,  0,  0,  0,  0],
 [ 1,  0,  0,  0,  0,  0,  0,  0,  0,  0,  0,  0,  0,  0,  0,  0,  0,  0,
   0,  0,  0,  0,  0,  0,  0],
 [ 0,  0,  0,  0,  0,  0,  0,  0,  0,  0,  0,  0,  0,  0,  0,  0,  0,  1,
   0,  0,  0,  0,  0,  0,  0]]
8	0	0.7593	0.7069	0.7321	0.6903
8	1	0.6909	0.8085	0.7451	0.6903
8	2	0.6400	0.7619	0.6957	0.6903
8	3	0.5385	0.5385	0.5385	0.6903
8	4	0.5833	0.5833	0.5833	0.6903
8	5	1.0000	0.9091	0.9524	0.6903
8	6	0.7500	0.6000	0.6667	0.6903
8	7	0.8000	0.6667	0.7273	0.6903
8	8	0.7500	0.7500	0.7500	0.6903
8	9	0.6667	0.6667	0.6667	0.6903
8	10	0.5000	0.6667	0.5714	0.6903
8	11	0.0000	0.0000	0.0000	0.6903
8	12	0.0000	0.0000	0.0000	0.6903
8	13	0.4000	1.0000	0.5714	0.6903
8	14	0.0000	0.0000	0.0000	0.6903
8	15	1.0000	1.0000	1.0000	0.6903
8	16	0.0000	0.0000	0.0000	0.6903
8	17	0.0000	0.0000	0.0000	0.6903
8	18	0.0000	0.0000	0.0000	0.6903
8	19	1.0000	1.0000	1.0000	0.6903
8	20	0.0000	0.0000	0.0000	0.6903
8	21	0.0000	0.0000	0.0000	0.6903
8	22	0.0000	0.0000	0.0000	0.6903
8	23	0.0000	0.0000	0.0000	0.6903
8	24	0.0000	0.0000	0.0000	0.6903

Confusion Matrix for Seed 8:
[[41,  6,  9,  0,  1,  0,  1,  0,  0,  0,  0,  0,  0,  0,  0,  0,  0,  0,
   0,  0,  0,  0,  0,  0,  0],
 [ 4, 38,  2,  2,  0,  0,  0,  0,  0,  0,  1,  0,  0,  0,  0,  0,  0,  0,
   0,  0,  0,  0,  0,  0,  0],
 [ 4,  3, 32,  2,  1,  0,  0,  0,  0,  0,  0,  0,  0,  0,  0,  0,  0,  0,
   0,  0,  0,  0,  0,  0,  0],
 [ 1,  1,  2,  7,  0,  0,  1,  0,  0,  0,  0,  0,  0,  1,  0,  0,  0,  0,
   0,  0,  0,  0,  0,  0,  0],
 [ 1,  2,  1,  1,  7,  0,  0,  0,  0,  0,  0,  0,  0,  0,  0,  0,  0,  0,
   0,  0,  0,  0,  0,  0,  0],
 [ 0,  0,  1,  0,  0, 10,  0,  0,  0,  0,  0,  0,  0,  0,  0,  0,  0,  0,
   0,  0,  0,  0,  0,  0,  0],
 [ 1,  1,  0,  0,  0,  0,  6,  0,  0,  0,  0,  0,  0,  2,  0,  0,  0,  0,
   0,  0,  0,  0,  0,  0,  0],
 [ 0,  0,  0,  1,  1,  0,  0,  4,  0,  0,  0,  0,  0,  0,  0,  0,  0,  0,
   0,  0,  0,  0,  0,  0,  0],
 [ 0,  0,  0,  0,  0,  0,  0,  0,  3,  1,  0,  0,  0,  0,  0,  0,  0,  0,
   0,  0,  0,  0,  0,  0,  0],
 [ 0,  0,  0,  0,  1,  0,  0,  0,  0,  2,  0,  0,  0,  0,  0,  0,  0,  0,
   0,  0,  0,  0,  0,  0,  0],
 [ 1,  0,  0,  0,  0,  0,  0,  0,  0,  0,  2,  0,  0,  0,  0,  0,  0,  0,
   0,  0,  0,  0,  0,  0,  0],
 [ 0,  0,  1,  0,  1,  0,  0,  0,  0,  0,  0,  0,  0,  0,  0,  0,  0,  0,
   0,  0,  0,  0,  0,  0,  0],
 [ 1,  0,  0,  0,  0,  0,  0,  1,  0,  0,  0,  0,  0,  0,  0,  0,  0,  0,
   0,  0,  0,  0,  0,  0,  0],
 [ 0,  0,  0,  0,  0,  0,  0,  0,  0,  0,  0,  0,  0,  2,  0,  0,  0,  0,
   0,  0,  0,  0,  0,  0,  0],
 [ 0,  1,  0,  0,  0,  0,  0,  0,  0,  0,  0,  0,  0,  0,  0,  0,  0,  0,
   0,  0,  0,  0,  0,  0,  0],
 [ 0,  0,  0,  0,  0,  0,  0,  0,  0,  0,  0,  0,  0,  0,  0,  1,  0,  0,
   0,  0,  0,  0,  0,  0,  0],
 [ 0,  0,  0,  0,  0,  0,  0,  0,  1,  0,  0,  0,  0,  0,  0,  0,  0,  0,
   0,  0,  0,  0,  0,  0,  0],
 [ 0,  1,  0,  0,  0,  0,  0,  0,  0,  0,  0,  0,  0,  0,  0,  0,  0,  0,
   0,  0,  0,  0,  0,  0,  0],
 [ 0,  0,  0,  0,  0,  0,  0,  0,  0,  0,  1,  0,  0,  0,  0,  0,  0,  0,
   0,  0,  0,  0,  0,  0,  0],
 [ 0,  0,  0,  0,  0,  0,  0,  0,  0,  0,  0,  0,  0,  0,  0,  0,  0,  0,
   0,  1,  0,  0,  0,  0,  0],
 [ 0,  0,  1,  0,  0,  0,  0,  0,  0,  0,  0,  0,  0,  0,  0,  0,  0,  0,
   0,  0,  0,  0,  0,  0,  0],
 [ 0,  1,  0,  0,  0,  0,  0,  0,  0,  0,  0,  0,  0,  0,  0,  0,  0,  0,
   0,  0,  0,  0,  0,  0,  0],
 [ 0,  0,  1,  0,  0,  0,  0,  0,  0,  0,  0,  0,  0,  0,  0,  0,  0,  0,
   0,  0,  0,  0,  0,  0,  0],
 [ 0,  1,  0,  0,  0,  0,  0,  0,  0,  0,  0,  0,  0,  0,  0,  0,  0,  0,
   0,  0,  0,  0,  0,  0,  0],
 [ 0,  0,  0,  0,  0,  0,  0,  0,  0,  0,  0,  1,  0,  0,  0,  0,  0,  0,
   0,  0,  0,  0,  0,  0,  0]]
10	0	0.8254	0.8966	0.8595	0.7699
10	1	0.7778	0.7447	0.7609	0.7699
10	2	0.6739	0.7381	0.7045	0.7699
10	3	0.9167	0.8462	0.8800	0.7699
10	4	0.8462	0.9167	0.8800	0.7699
10	5	0.8333	0.9091	0.8696	0.7699
10	6	0.6667	0.8000	0.7273	0.7699
10	7	1.0000	0.6667	0.8000	0.7699
10	8	0.5714	1.0000	0.7273	0.7699
10	9	0.6667	0.6667	0.6667	0.7699
10	10	1.0000	0.6667	0.8000	0.7699
10	11	1.0000	0.5000	0.6667	0.7699
10	12	0.0000	0.0000	0.0000	0.7699
10	13	1.0000	0.5000	0.6667	0.7699
10	14	0.0000	0.0000	0.0000	0.7699
10	15	0.5000	1.0000	0.6667	0.7699
10	16	0.0000	0.0000	0.0000	0.7699
10	17	0.0000	0.0000	0.0000	0.7699
10	18	0.0000	0.0000	0.0000	0.7699
10	19	1.0000	1.0000	1.0000	0.7699
10	20	0.0000	0.0000	0.0000	0.7699
10	21	0.0000	0.0000	0.0000	0.7699
10	22	0.0000	0.0000	0.0000	0.7699
10	23	0.0000	0.0000	0.0000	0.7699
10	24	0.0000	0.0000	0.0000	0.7699

Confusion Matrix for Seed 10:
[[52,  2,  2,  0,  1,  0,  1,  0,  0,  0,  0,  0,  0,  0,  0,  0,  0,  0,
   0,  0,  0,  0,  0,  0,  0],
 [ 4, 35,  7,  0,  0,  0,  0,  0,  0,  0,  0,  0,  0,  0,  0,  1,  0,  0,
   0,  0,  0,  0,  0,  0,  0],
 [ 4,  3, 31,  0,  0,  1,  2,  0,  0,  0,  0,  0,  1,  0,  0,  0,  0,  0,
   0,  0,  0,  0,  0,  0,  0],
 [ 0,  1,  0, 11,  0,  0,  0,  0,  1,  0,  0,  0,  0,  0,  0,  0,  0,  0,
   0,  0,  0,  0,  0,  0,  0],
 [ 0,  0,  0,  0, 11,  0,  0,  0,  0,  1,  0,  0,  0,  0,  0,  0,  0,  0,
   0,  0,  0,  0,  0,  0,  0],
 [ 0,  0,  0,  0,  0, 10,  1,  0,  0,  0,  0,  0,  0,  0,  0,  0,  0,  0,
   0,  0,  0,  0,  0,  0,  0],
 [ 0,  0,  0,  1,  0,  1,  8,  0,  0,  0,  0,  0,  0,  0,  0,  0,  0,  0,
   0,  0,  0,  0,  0,  0,  0],
 [ 0,  1,  1,  0,  0,  0,  0,  4,  0,  0,  0,  0,  0,  0,  0,  0,  0,  0,
   0,  0,  0,  0,  0,  0,  0],
 [ 0,  0,  0,  0,  0,  0,  0,  0,  4,  0,  0,  0,  0,  0,  0,  0,  0,  0,
   0,  0,  0,  0,  0,  0,  0],
 [ 0,  0,  0,  0,  0,  0,  0,  0,  1,  2,  0,  0,  0,  0,  0,  0,  0,  0,
   0,  0,  0,  0,  0,  0,  0],
 [ 0,  0,  1,  0,  0,  0,  0,  0,  0,  0,  2,  0,  0,  0,  0,  0,  0,  0,
   0,  0,  0,  0,  0,  0,  0],
 [ 0,  0,  0,  0,  1,  0,  0,  0,  0,  0,  0,  1,  0,  0,  0,  0,  0,  0,
   0,  0,  0,  0,  0,  0,  0],
 [ 1,  0,  0,  0,  0,  0,  0,  0,  1,  0,  0,  0,  0,  0,  0,  0,  0,  0,
   0,  0,  0,  0,  0,  0,  0],
 [ 0,  0,  1,  0,  0,  0,  0,  0,  0,  0,  0,  0,  0,  1,  0,  0,  0,  0,
   0,  0,  0,  0,  0,  0,  0],
 [ 0,  1,  0,  0,  0,  0,  0,  0,  0,  0,  0,  0,  0,  0,  0,  0,  0,  0,
   0,  0,  0,  0,  0,  0,  0],
 [ 0,  0,  0,  0,  0,  0,  0,  0,  0,  0,  0,  0,  0,  0,  0,  1,  0,  0,
   0,  0,  0,  0,  0,  0,  0],
 [ 1,  0,  0,  0,  0,  0,  0,  0,  0,  0,  0,  0,  0,  0,  0,  0,  0,  0,
   0,  0,  0,  0,  0,  0,  0],
 [ 0,  1,  0,  0,  0,  0,  0,  0,  0,  0,  0,  0,  0,  0,  0,  0,  0,  0,
   0,  0,  0,  0,  0,  0,  0],
 [ 0,  0,  1,  0,  0,  0,  0,  0,  0,  0,  0,  0,  0,  0,  0,  0,  0,  0,
   0,  0,  0,  0,  0,  0,  0],
 [ 0,  0,  0,  0,  0,  0,  0,  0,  0,  0,  0,  0,  0,  0,  0,  0,  0,  0,
   0,  1,  0,  0,  0,  0,  0],
 [ 0,  0,  1,  0,  0,  0,  0,  0,  0,  0,  0,  0,  0,  0,  0,  0,  0,  0,
   0,  0,  0,  0,  0,  0,  0],
 [ 0,  1,  0,  0,  0,  0,  0,  0,  0,  0,  0,  0,  0,  0,  0,  0,  0,  0,
   0,  0,  0,  0,  0,  0,  0],
 [ 0,  0,  1,  0,  0,  0,  0,  0,  0,  0,  0,  0,  0,  0,  0,  0,  0,  0,
   0,  0,  0,  0,  0,  0,  0],
 [ 1,  0,  0,  0,  0,  0,  0,  0,  0,  0,  0,  0,  0,  0,  0,  0,  0,  0,
   0,  0,  0,  0,  0,  0,  0],
 [ 0,  0,  0,  0,  0,  0,  0,  0,  0,  0,  0,  0,  0,  0,  0,  0,  1,  0,
   0,  0,  0,  0,  0,  0,  0]]
12	0	0.7143	0.6897	0.7018	0.6858
12	1	0.7021	0.7021	0.7021	0.6858
12	2	0.6667	0.7143	0.6897	0.6858
12	3	0.7273	0.6154	0.6667	0.6858
12	4	0.7000	0.5833	0.6364	0.6858
12	5	0.7692	0.9091	0.8333	0.6858
12	6	0.6667	0.8000	0.7273	0.6858
12	7	0.8571	1.0000	0.9231	0.6858
12	8	1.0000	0.7500	0.8571	0.6858
12	9	0.7500	1.0000	0.8571	0.6858
12	10	0.6000	1.0000	0.7500	0.6858
12	11	0.0000	0.0000	0.0000	0.6858
12	12	0.0000	0.0000	0.0000	0.6858
12	13	1.0000	1.0000	1.0000	0.6858
12	14	0.0000	0.0000	0.0000	0.6858
12	15	0.0000	0.0000	0.0000	0.6858
12	16	0.0000	0.0000	0.0000	0.6858
12	17	0.5000	1.0000	0.6667	0.6858
12	18	0.0000	0.0000	0.0000	0.6858
12	19	1.0000	1.0000	1.0000	0.6858
12	20	0.0000	0.0000	0.0000	0.6858
12	21	0.0000	0.0000	0.0000	0.6858
12	22	0.0000	0.0000	0.0000	0.6858
12	23	0.0000	0.0000	0.0000	0.6858
12	24	0.0000	0.0000	0.0000	0.6858

Confusion Matrix for Seed 12:
[[40,  6,  6,  0,  0,  0,  2,  0,  0,  0,  1,  1,  1,  0,  1,  0,  0,  0,
   0,  0,  0,  0,  0,  0,  0],
 [ 2, 33,  6,  0,  2,  2,  1,  0,  0,  0,  0,  0,  0,  0,  0,  1,  0,  0,
   0,  0,  0,  0,  0,  0,  0],
 [ 9,  0, 30,  2,  0,  0,  0,  0,  0,  0,  0,  0,  0,  0,  0,  0,  0,  0,
   0,  0,  1,  0,  0,  0,  0],
 [ 0,  2,  0,  8,  0,  0,  1,  0,  0,  0,  0,  0,  0,  0,  0,  0,  0,  1,
   0,  0,  0,  1,  0,  0,  0],
 [ 1,  1,  2,  1,  7,  0,  0,  0,  0,  0,  0,  0,  0,  0,  0,  0,  0,  0,
   0,  0,  0,  0,  0,  0,  0],
 [ 0,  0,  0,  0,  0, 10,  0,  0,  0,  0,  0,  0,  0,  0,  0,  1,  0,  0,
   0,  0,  0,  0,  0,  0,  0],
 [ 0,  2,  0,  0,  0,  0,  8,  0,  0,  0,  0,  0,  0,  0,  0,  0,  0,  0,
   0,  0,  0,  0,  0,  0,  0],
 [ 0,  0,  0,  0,  0,  0,  0,  6,  0,  0,  0,  0,  0,  0,  0,  0,  0,  0,
   0,  0,  0,  0,  0,  0,  0],
 [ 0,  0,  0,  0,  0,  0,  0,  0,  3,  1,  0,  0,  0,  0,  0,  0,  0,  0,
   0,  0,  0,  0,  0,  0,  0],
 [ 0,  0,  0,  0,  0,  0,  0,  0,  0,  3,  0,  0,  0,  0,  0,  0,  0,  0,
   0,  0,  0,  0,  0,  0,  0],
 [ 0,  0,  0,  0,  0,  0,  0,  0,  0,  0,  3,  0,  0,  0,  0,  0,  0,  0,
   0,  0,  0,  0,  0,  0,  0],
 [ 2,  0,  0,  0,  0,  0,  0,  0,  0,  0,  0,  0,  0,  0,  0,  0,  0,  0,
   0,  0,  0,  0,  0,  0,  0],
 [ 0,  1,  0,  0,  0,  0,  0,  1,  0,  0,  0,  0,  0,  0,  0,  0,  0,  0,
   0,  0,  0,  0,  0,  0,  0],
 [ 0,  0,  0,  0,  0,  0,  0,  0,  0,  0,  0,  0,  0,  2,  0,  0,  0,  0,
   0,  0,  0,  0,  0,  0,  0],
 [ 1,  0,  0,  0,  0,  0,  0,  0,  0,  0,  0,  0,  0,  0,  0,  0,  0,  0,
   0,  0,  0,  0,  0,  0,  0],
 [ 0,  0,  0,  0,  0,  1,  0,  0,  0,  0,  0,  0,  0,  0,  0,  0,  0,  0,
   0,  0,  0,  0,  0,  0,  0],
 [ 1,  0,  0,  0,  0,  0,  0,  0,  0,  0,  0,  0,  0,  0,  0,  0,  0,  0,
   0,  0,  0,  0,  0,  0,  0],
 [ 0,  0,  0,  0,  0,  0,  0,  0,  0,  0,  0,  0,  0,  0,  0,  0,  0,  1,
   0,  0,  0,  0,  0,  0,  0],
 [ 0,  0,  0,  0,  0,  0,  0,  0,  0,  0,  1,  0,  0,  0,  0,  0,  0,  0,
   0,  0,  0,  0,  0,  0,  0],
 [ 0,  0,  0,  0,  0,  0,  0,  0,  0,  0,  0,  0,  0,  0,  0,  0,  0,  0,
   0,  1,  0,  0,  0,  0,  0],
 [ 0,  0,  1,  0,  0,  0,  0,  0,  0,  0,  0,  0,  0,  0,  0,  0,  0,  0,
   0,  0,  0,  0,  0,  0,  0],
 [ 0,  1,  0,  0,  0,  0,  0,  0,  0,  0,  0,  0,  0,  0,  0,  0,  0,  0,
   0,  0,  0,  0,  0,  0,  0],
 [ 0,  0,  0,  0,  1,  0,  0,  0,  0,  0,  0,  0,  0,  0,  0,  0,  0,  0,
   0,  0,  0,  0,  0,  0,  0],
 [ 0,  1,  0,  0,  0,  0,  0,  0,  0,  0,  0,  0,  0,  0,  0,  0,  0,  0,
   0,  0,  0,  0,  0,  0,  0],
 [ 0,  0,  0,  0,  0,  0,  0,  0,  0,  0,  0,  1,  0,  0,  0,  0,  0,  0,
   0,  0,  0,  0,  0,  0,  0]]
14	0	0.9000	0.6207	0.7347	0.7124
14	1	0.6852	0.7872	0.7327	0.7124
14	2	0.5862	0.8095	0.6800	0.7124
14	3	0.7333	0.8462	0.7857	0.7124
14	4	0.6875	0.9167	0.7857	0.7124
14	5	0.8182	0.8182	0.8182	0.7124
14	6	0.8889	0.8000	0.8421	0.7124
14	7	0.7500	0.5000	0.6000	0.7124
14	8	1.0000	1.0000	1.0000	0.7124
14	9	0.5000	1.0000	0.6667	0.7124
14	10	0.6667	0.6667	0.6667	0.7124
14	11	0.0000	0.0000	0.0000	0.7124
14	12	0.0000	0.0000	0.0000	0.7124
14	13	1.0000	1.0000	1.0000	0.7124
14	14	0.0000	0.0000	0.0000	0.7124
14	15	0.0000	0.0000	0.0000	0.7124
14	16	0.0000	0.0000	0.0000	0.7124
14	17	0.0000	0.0000	0.0000	0.7124
14	18	0.0000	0.0000	0.0000	0.7124
14	19	1.0000	1.0000	1.0000	0.7124
14	20	0.0000	0.0000	0.0000	0.7124
14	21	0.0000	0.0000	0.0000	0.7124
14	22	0.0000	0.0000	0.0000	0.7124
14	23	0.0000	0.0000	0.0000	0.7124
14	24	0.0000	0.0000	0.0000	0.7124

Confusion Matrix for Seed 14:
[[36, 10, 11,  0,  0,  0,  1,  0,  0,  0,  0,  0,  0,  0,  0,  0,  0,  0,
   0,  0,  0,  0,  0,  0,  0],
 [ 0, 37,  7,  0,  0,  1,  0,  0,  0,  2,  0,  0,  0,  0,  0,  0,  0,  0,
   0,  0,  0,  0,  0,  0,  0],
 [ 2,  2, 34,  1,  3,  0,  0,  0,  0,  0,  0,  0,  0,  0,  0,  0,  0,  0,
   0,  0,  0,  0,  0,  0,  0],
 [ 0,  1,  0, 11,  0,  0,  0,  0,  0,  0,  0,  0,  0,  0,  0,  0,  0,  1,
   0,  0,  0,  0,  0,  0,  0],
 [ 0,  0,  0,  0, 11,  0,  0,  0,  0,  1,  0,  0,  0,  0,  0,  0,  0,  0,
   0,  0,  0,  0,  0,  0,  0],
 [ 0,  0,  1,  0,  0,  9,  0,  0,  0,  0,  0,  1,  0,  0,  0,  0,  0,  0,
   0,  0,  0,  0,  0,  0,  0],
 [ 0,  1,  1,  0,  0,  0,  8,  0,  0,  0,  0,  0,  0,  0,  0,  0,  0,  0,
   0,  0,  0,  0,  0,  0,  0],
 [ 0,  0,  2,  0,  1,  0,  0,  3,  0,  0,  0,  0,  0,  0,  0,  0,  0,  0,
   0,  0,  0,  0,  0,  0,  0],
 [ 0,  0,  0,  0,  0,  0,  0,  0,  4,  0,  0,  0,  0,  0,  0,  0,  0,  0,
   0,  0,  0,  0,  0,  0,  0],
 [ 0,  0,  0,  0,  0,  0,  0,  0,  0,  3,  0,  0,  0,  0,  0,  0,  0,  0,
   0,  0,  0,  0,  0,  0,  0],
 [ 0,  0,  0,  0,  1,  0,  0,  0,  0,  0,  2,  0,  0,  0,  0,  0,  0,  0,
   0,  0,  0,  0,  0,  0,  0],
 [ 1,  0,  0,  1,  0,  0,  0,  0,  0,  0,  0,  0,  0,  0,  0,  0,  0,  0,
   0,  0,  0,  0,  0,  0,  0],
 [ 0,  0,  0,  0,  0,  0,  0,  1,  0,  0,  0,  0,  0,  0,  1,  0,  0,  0,
   0,  0,  0,  0,  0,  0,  0],
 [ 0,  0,  0,  0,  0,  0,  0,  0,  0,  0,  0,  0,  0,  2,  0,  0,  0,  0,
   0,  0,  0,  0,  0,  0,  0],
 [ 0,  1,  0,  0,  0,  0,  0,  0,  0,  0,  0,  0,  0,  0,  0,  0,  0,  0,
   0,  0,  0,  0,  0,  0,  0],
 [ 0,  0,  0,  0,  0,  1,  0,  0,  0,  0,  0,  0,  0,  0,  0,  0,  0,  0,
   0,  0,  0,  0,  0,  0,  0],
 [ 1,  0,  0,  0,  0,  0,  0,  0,  0,  0,  0,  0,  0,  0,  0,  0,  0,  0,
   0,  0,  0,  0,  0,  0,  0],
 [ 0,  1,  0,  0,  0,  0,  0,  0,  0,  0,  0,  0,  0,  0,  0,  0,  0,  0,
   0,  0,  0,  0,  0,  0,  0],
 [ 0,  0,  0,  0,  0,  0,  0,  0,  0,  0,  1,  0,  0,  0,  0,  0,  0,  0,
   0,  0,  0,  0,  0,  0,  0],
 [ 0,  0,  0,  0,  0,  0,  0,  0,  0,  0,  0,  0,  0,  0,  0,  0,  0,  0,
   0,  1,  0,  0,  0,  0,  0],
 [ 0,  0,  1,  0,  0,  0,  0,  0,  0,  0,  0,  0,  0,  0,  0,  0,  0,  0,
   0,  0,  0,  0,  0,  0,  0],
 [ 0,  0,  0,  1,  0,  0,  0,  0,  0,  0,  0,  0,  0,  0,  0,  0,  0,  0,
   0,  0,  0,  0,  0,  0,  0],
 [ 0,  0,  1,  0,  0,  0,  0,  0,  0,  0,  0,  0,  0,  0,  0,  0,  0,  0,
   0,  0,  0,  0,  0,  0,  0],
 [ 0,  1,  0,  0,  0,  0,  0,  0,  0,  0,  0,  0,  0,  0,  0,  0,  0,  0,
   0,  0,  0,  0,  0,  0,  0],
 [ 0,  0,  0,  1,  0,  0,  0,  0,  0,  0,  0,  0,  0,  0,  0,  0,  0,  0,
   0,  0,  0,  0,  0,  0,  0]]
16	0	0.6897	0.6897	0.6897	0.6637
16	1	0.5814	0.5319	0.5556	0.6637
16	2	0.6346	0.7857	0.7021	0.6637
16	3	0.7692	0.7692	0.7692	0.6637
16	4	0.6875	0.9167	0.7857	0.6637
16	5	0.5882	0.9091	0.7143	0.6637
16	6	1.0000	0.6000	0.7500	0.6637
16	7	0.6667	0.6667	0.6667	0.6637
16	8	1.0000	0.7500	0.8571	0.6637
16	9	0.6667	0.6667	0.6667	0.6637
16	10	1.0000	0.6667	0.8000	0.6637
16	11	0.5000	0.5000	0.5000	0.6637
16	12	0.5000	0.5000	0.5000	0.6637
16	13	1.0000	0.5000	0.6667	0.6637
16	14	0.0000	0.0000	0.0000	0.6637
16	15	0.0000	0.0000	0.0000	0.6637
16	16	0.0000	0.0000	0.0000	0.6637
16	17	0.0000	0.0000	0.0000	0.6637
16	18	0.0000	0.0000	0.0000	0.6637
16	19	1.0000	1.0000	1.0000	0.6637
16	20	0.0000	0.0000	0.0000	0.6637
16	21	0.0000	0.0000	0.0000	0.6637
16	22	0.0000	0.0000	0.0000	0.6637
16	23	0.0000	0.0000	0.0000	0.6637
16	24	0.0000	0.0000	0.0000	0.6637

Confusion Matrix for Seed 16:
[[40,  9,  8,  0,  0,  0,  0,  0,  0,  0,  0,  1,  0,  0,  0,  0,  0,  0,
   0,  0,  0,  0,  0,  0,  0],
 [11, 25,  6,  1,  1,  3,  0,  0,  0,  0,  0,  0,  0,  0,  0,  0,  0,  0,
   0,  0,  0,  0,  0,  0,  0],
 [ 3,  5, 33,  1,  0,  0,  0,  0,  0,  0,  0,  0,  0,  0,  0,  0,  0,  0,
   0,  0,  0,  0,  0,  0,  0],
 [ 1,  1,  0, 10,  1,  0,  0,  0,  0,  0,  0,  0,  0,  0,  0,  0,  0,  0,
   0,  0,  0,  0,  0,  0,  0],
 [ 0,  1,  0,  0, 11,  0,  0,  0,  0,  0,  0,  0,  0,  0,  0,  0,  0,  0,
   0,  0,  0,  0,  0,  0,  0],
 [ 0,  0,  1,  0,  0, 10,  0,  0,  0,  0,  0,  0,  0,  0,  0,  0,  0,  0,
   0,  0,  0,  0,  0,  0,  0],
 [ 0,  0,  0,  0,  0,  3,  6,  0,  0,  0,  0,  0,  1,  0,  0,  0,  0,  0,
   0,  0,  0,  0,  0,  0,  0],
 [ 0,  0,  1,  0,  1,  0,  0,  4,  0,  0,  0,  0,  0,  0,  0,  0,  0,  0,
   0,  0,  0,  0,  0,  0,  0],
 [ 0,  0,  0,  0,  0,  0,  0,  0,  3,  1,  0,  0,  0,  0,  0,  0,  0,  0,
   0,  0,  0,  0,  0,  0,  0],
 [ 0,  0,  0,  0,  1,  0,  0,  0,  0,  2,  0,  0,  0,  0,  0,  0,  0,  0,
   0,  0,  0,  0,  0,  0,  0],
 [ 0,  0,  1,  0,  0,  0,  0,  0,  0,  0,  2,  0,  0,  0,  0,  0,  0,  0,
   0,  0,  0,  0,  0,  0,  0],
 [ 0,  0,  1,  0,  0,  0,  0,  0,  0,  0,  0,  1,  0,  0,  0,  0,  0,  0,
   0,  0,  0,  0,  0,  0,  0],
 [ 0,  0,  0,  0,  0,  0,  0,  1,  0,  0,  0,  0,  1,  0,  0,  0,  0,  0,
   0,  0,  0,  0,  0,  0,  0],
 [ 1,  0,  0,  0,  0,  0,  0,  0,  0,  0,  0,  0,  0,  1,  0,  0,  0,  0,
   0,  0,  0,  0,  0,  0,  0],
 [ 1,  0,  0,  0,  0,  0,  0,  0,  0,  0,  0,  0,  0,  0,  0,  0,  0,  0,
   0,  0,  0,  0,  0,  0,  0],
 [ 0,  0,  0,  0,  0,  1,  0,  0,  0,  0,  0,  0,  0,  0,  0,  0,  0,  0,
   0,  0,  0,  0,  0,  0,  0],
 [ 1,  0,  0,  0,  0,  0,  0,  0,  0,  0,  0,  0,  0,  0,  0,  0,  0,  0,
   0,  0,  0,  0,  0,  0,  0],
 [ 0,  0,  0,  1,  0,  0,  0,  0,  0,  0,  0,  0,  0,  0,  0,  0,  0,  0,
   0,  0,  0,  0,  0,  0,  0],
 [ 0,  0,  1,  0,  0,  0,  0,  0,  0,  0,  0,  0,  0,  0,  0,  0,  0,  0,
   0,  0,  0,  0,  0,  0,  0],
 [ 0,  0,  0,  0,  0,  0,  0,  0,  0,  0,  0,  0,  0,  0,  0,  0,  0,  0,
   0,  1,  0,  0,  0,  0,  0],
 [ 0,  0,  0,  0,  0,  0,  0,  1,  0,  0,  0,  0,  0,  0,  0,  0,  0,  0,
   0,  0,  0,  0,  0,  0,  0],
 [ 0,  1,  0,  0,  0,  0,  0,  0,  0,  0,  0,  0,  0,  0,  0,  0,  0,  0,
   0,  0,  0,  0,  0,  0,  0],
 [ 0,  0,  0,  0,  1,  0,  0,  0,  0,  0,  0,  0,  0,  0,  0,  0,  0,  0,
   0,  0,  0,  0,  0,  0,  0],
 [ 0,  1,  0,  0,  0,  0,  0,  0,  0,  0,  0,  0,  0,  0,  0,  0,  0,  0,
   0,  0,  0,  0,  0,  0,  0],
 [ 0,  0,  0,  0,  0,  0,  0,  0,  0,  0,  0,  0,  0,  0,  0,  0,  1,  0,
   0,  0,  0,  0,  0,  0,  0]]
18	0	0.7736	0.7069	0.7387	0.6681
18	1	0.6136	0.5745	0.5934	0.6681
18	2	0.5660	0.7143	0.6316	0.6681
18	3	0.6875	0.8462	0.7586	0.6681
18	4	0.7273	0.6667	0.6957	0.6681
18	5	0.8000	0.7273	0.7619	0.6681
18	6	0.7000	0.7000	0.7000	0.6681
18	7	0.6000	1.0000	0.7500	0.6681
18	8	1.0000	1.0000	1.0000	0.6681
18	9	0.6000	1.0000	0.7500	0.6681
18	10	1.0000	0.3333	0.5000	0.6681
18	11	0.0000	0.0000	0.0000	0.6681
18	12	0.0000	0.0000	0.0000	0.6681
18	13	1.0000	1.0000	1.0000	0.6681
18	14	0.0000	0.0000	0.0000	0.6681
18	15	1.0000	1.0000	1.0000	0.6681
18	16	0.5000	1.0000	0.6667	0.6681
18	17	0.0000	0.0000	0.0000	0.6681
18	18	0.0000	0.0000	0.0000	0.6681
18	19	1.0000	1.0000	1.0000	0.6681
18	20	0.0000	0.0000	0.0000	0.6681
18	21	0.0000	0.0000	0.0000	0.6681
18	22	0.0000	0.0000	0.0000	0.6681
18	23	0.0000	0.0000	0.0000	0.6681
18	24	0.0000	0.0000	0.0000	0.6681

Confusion Matrix for Seed 18:
[[41,  7,  9,  0,  0,  0,  0,  0,  0,  0,  0,  0,  1,  0,  0,  0,  0,  0,
   0,  0,  0,  0,  0,  0,  0],
 [ 6, 27,  8,  0,  1,  0,  1,  2,  0,  0,  0,  0,  1,  0,  0,  0,  0,  1,
   0,  0,  0,  0,  0,  0,  0],
 [ 3,  5, 30,  0,  1,  0,  1,  2,  0,  0,  0,  0,  0,  0,  0,  0,  0,  0,
   0,  0,  0,  0,  0,  0,  0],
 [ 0,  1,  0, 11,  0,  0,  1,  0,  0,  0,  0,  0,  0,  0,  0,  0,  0,  0,
   0,  0,  0,  0,  0,  0,  0],
 [ 0,  0,  1,  1,  8,  0,  0,  0,  0,  2,  0,  0,  0,  0,  0,  0,  0,  0,
   0,  0,  0,  0,  0,  0,  0],
 [ 0,  1,  0,  2,  0,  8,  0,  0,  0,  0,  0,  0,  0,  0,  0,  0,  0,  0,
   0,  0,  0,  0,  0,  0,  0],
 [ 0,  1,  1,  0,  0,  1,  7,  0,  0,  0,  0,  0,  0,  0,  0,  0,  0,  0,
   0,  0,  0,  0,  0,  0,  0],
 [ 0,  0,  0,  0,  0,  0,  0,  6,  0,  0,  0,  0,  0,  0,  0,  0,  0,  0,
   0,  0,  0,  0,  0,  0,  0],
 [ 0,  0,  0,  0,  0,  0,  0,  0,  4,  0,  0,  0,  0,  0,  0,  0,  0,  0,
   0,  0,  0,  0,  0,  0,  0],
 [ 0,  0,  0,  0,  0,  0,  0,  0,  0,  3,  0,  0,  0,  0,  0,  0,  0,  0,
   0,  0,  0,  0,  0,  0,  0],
 [ 0,  0,  1,  1,  0,  0,  0,  0,  0,  0,  1,  0,  0,  0,  0,  0,  0,  0,
   0,  0,  0,  0,  0,  0,  0],
 [ 1,  0,  1,  0,  0,  0,  0,  0,  0,  0,  0,  0,  0,  0,  0,  0,  0,  0,
   0,  0,  0,  0,  0,  0,  0],
 [ 0,  1,  0,  0,  0,  1,  0,  0,  0,  0,  0,  0,  0,  0,  0,  0,  0,  0,
   0,  0,  0,  0,  0,  0,  0],
 [ 0,  0,  0,  0,  0,  0,  0,  0,  0,  0,  0,  0,  0,  2,  0,  0,  0,  0,
   0,  0,  0,  0,  0,  0,  0],
 [ 1,  0,  0,  0,  0,  0,  0,  0,  0,  0,  0,  0,  0,  0,  0,  0,  0,  0,
   0,  0,  0,  0,  0,  0,  0],
 [ 0,  0,  0,  0,  0,  0,  0,  0,  0,  0,  0,  0,  0,  0,  0,  1,  0,  0,
   0,  0,  0,  0,  0,  0,  0],
 [ 0,  0,  0,  0,  0,  0,  0,  0,  0,  0,  0,  0,  0,  0,  0,  0,  1,  0,
   0,  0,  0,  0,  0,  0,  0],
 [ 0,  0,  0,  1,  0,  0,  0,  0,  0,  0,  0,  0,  0,  0,  0,  0,  0,  0,
   0,  0,  0,  0,  0,  0,  0],
 [ 0,  0,  1,  0,  0,  0,  0,  0,  0,  0,  0,  0,  0,  0,  0,  0,  0,  0,
   0,  0,  0,  0,  0,  0,  0],
 [ 0,  0,  0,  0,  0,  0,  0,  0,  0,  0,  0,  0,  0,  0,  0,  0,  0,  0,
   0,  1,  0,  0,  0,  0,  0],
 [ 0,  0,  1,  0,  0,  0,  0,  0,  0,  0,  0,  0,  0,  0,  0,  0,  0,  0,
   0,  0,  0,  0,  0,  0,  0],
 [ 0,  1,  0,  0,  0,  0,  0,  0,  0,  0,  0,  0,  0,  0,  0,  0,  0,  0,
   0,  0,  0,  0,  0,  0,  0],
 [ 0,  0,  0,  0,  1,  0,  0,  0,  0,  0,  0,  0,  0,  0,  0,  0,  0,  0,
   0,  0,  0,  0,  0,  0,  0],
 [ 1,  0,  0,  0,  0,  0,  0,  0,  0,  0,  0,  0,  0,  0,  0,  0,  0,  0,
   0,  0,  0,  0,  0,  0,  0],
 [ 0,  0,  0,  0,  0,  0,  0,  0,  0,  0,  0,  0,  0,  0,  0,  0,  1,  0,
   0,  0,  0,  0,  0,  0,  0]]
20	0	0.7451	0.6552	0.6972	0.6770
20	1	0.7308	0.8085	0.7677	0.6770
20	2	0.5614	0.7619	0.6465	0.6770
20	3	0.7000	0.5385	0.6087	0.6770
20	4	0.7273	0.6667	0.6957	0.6770
20	5	0.7778	0.6364	0.7000	0.6770
20	6	0.7500	0.9000	0.8182	0.6770
20	7	0.7500	0.5000	0.6000	0.6770
20	8	1.0000	1.0000	1.0000	0.6770
20	9	0.7500	1.0000	0.8571	0.6770
20	10	0.5000	0.6667	0.5714	0.6770
20	11	0.0000	0.0000	0.0000	0.6770
20	12	0.0000	0.0000	0.0000	0.6770
20	13	0.0000	0.0000	0.0000	0.6770
20	14	0.0000	0.0000	0.0000	0.6770
20	15	0.5000	1.0000	0.6667	0.6770
20	16	0.0000	0.0000	0.0000	0.6770
20	17	0.0000	0.0000	0.0000	0.6770
20	18	0.0000	0.0000	0.0000	0.6770
20	19	1.0000	1.0000	1.0000	0.6770
20	20	0.0000	0.0000	0.0000	0.6770
20	21	0.0000	0.0000	0.0000	0.6770
20	22	0.0000	0.0000	0.0000	0.6770
20	23	0.0000	0.0000	0.0000	0.6770
20	24	0.0000	0.0000	0.0000	0.6770

Confusion Matrix for Seed 20:
[[38,  6, 10,  0,  0,  1,  1,  0,  0,  0,  1,  1,  0,  0,  0,  0,  0,  0,
   0,  0,  0,  0,  0,  0,  0],
 [ 1, 38,  7,  0,  0,  0,  0,  0,  0,  1,  0,  0,  0,  0,  0,  0,  0,  0,
   0,  0,  0,  0,  0,  0,  0],
 [ 5,  2, 32,  1,  1,  0,  0,  0,  0,  0,  0,  0,  0,  0,  0,  0,  0,  0,
   1,  0,  0,  0,  0,  0,  0],
 [ 3,  2,  0,  7,  0,  0,  1,  0,  0,  0,  0,  0,  0,  0,  0,  0,  0,  0,
   0,  0,  0,  0,  0,  0,  0],
 [ 0,  0,  1,  1,  8,  0,  0,  1,  0,  0,  0,  1,  0,  0,  0,  0,  0,  0,
   0,  0,  0,  0,  0,  0,  0],
 [ 0,  2,  1,  0,  0,  7,  0,  0,  0,  0,  0,  0,  0,  0,  0,  1,  0,  0,
   0,  0,  0,  0,  0,  0,  0],
 [ 0,  0,  0,  0,  0,  1,  9,  0,  0,  0,  0,  0,  0,  0,  0,  0,  0,  0,
   0,  0,  0,  0,  0,  0,  0],
 [ 0,  0,  1,  0,  2,  0,  0,  3,  0,  0,  0,  0,  0,  0,  0,  0,  0,  0,
   0,  0,  0,  0,  0,  0,  0],
 [ 0,  0,  0,  0,  0,  0,  0,  0,  4,  0,  0,  0,  0,  0,  0,  0,  0,  0,
   0,  0,  0,  0,  0,  0,  0],
 [ 0,  0,  0,  0,  0,  0,  0,  0,  0,  3,  0,  0,  0,  0,  0,  0,  0,  0,
   0,  0,  0,  0,  0,  0,  0],
 [ 0,  0,  0,  0,  0,  0,  0,  0,  0,  0,  2,  0,  0,  0,  0,  0,  0,  0,
   1,  0,  0,  0,  0,  0,  0],
 [ 1,  0,  1,  0,  0,  0,  0,  0,  0,  0,  0,  0,  0,  0,  0,  0,  0,  0,
   0,  0,  0,  0,  0,  0,  0],
 [ 1,  0,  0,  1,  0,  0,  0,  0,  0,  0,  0,  0,  0,  0,  0,  0,  0,  0,
   0,  0,  0,  0,  0,  0,  0],
 [ 0,  0,  1,  0,  0,  0,  1,  0,  0,  0,  0,  0,  0,  0,  0,  0,  0,  0,
   0,  0,  0,  0,  0,  0,  0],
 [ 1,  0,  0,  0,  0,  0,  0,  0,  0,  0,  0,  0,  0,  0,  0,  0,  0,  0,
   0,  0,  0,  0,  0,  0,  0],
 [ 0,  0,  0,  0,  0,  0,  0,  0,  0,  0,  0,  0,  0,  0,  0,  1,  0,  0,
   0,  0,  0,  0,  0,  0,  0],
 [ 1,  0,  0,  0,  0,  0,  0,  0,  0,  0,  0,  0,  0,  0,  0,  0,  0,  0,
   0,  0,  0,  0,  0,  0,  0],
 [ 0,  1,  0,  0,  0,  0,  0,  0,  0,  0,  0,  0,  0,  0,  0,  0,  0,  0,
   0,  0,  0,  0,  0,  0,  0],
 [ 0,  0,  0,  0,  0,  0,  0,  0,  0,  0,  1,  0,  0,  0,  0,  0,  0,  0,
   0,  0,  0,  0,  0,  0,  0],
 [ 0,  0,  0,  0,  0,  0,  0,  0,  0,  0,  0,  0,  0,  0,  0,  0,  0,  0,
   0,  1,  0,  0,  0,  0,  0],
 [ 0,  0,  1,  0,  0,  0,  0,  0,  0,  0,  0,  0,  0,  0,  0,  0,  0,  0,
   0,  0,  0,  0,  0,  0,  0],
 [ 0,  1,  0,  0,  0,  0,  0,  0,  0,  0,  0,  0,  0,  0,  0,  0,  0,  0,
   0,  0,  0,  0,  0,  0,  0],
 [ 0,  0,  1,  0,  0,  0,  0,  0,  0,  0,  0,  0,  0,  0,  0,  0,  0,  0,
   0,  0,  0,  0,  0,  0,  0],
 [ 0,  0,  1,  0,  0,  0,  0,  0,  0,  0,  0,  0,  0,  0,  0,  0,  0,  0,
   0,  0,  0,  0,  0,  0,  0],
 [ 0,  0,  0,  0,  0,  0,  0,  0,  0,  0,  0,  1,  0,  0,  0,  0,  0,  0,
   0,  0,  0,  0,  0,  0,  0]]
22	0	0.7818	0.7414	0.7611	0.6947
22	1	0.6739	0.6596	0.6667	0.6947
22	2	0.6034	0.8333	0.7000	0.6947
22	3	0.8462	0.8462	0.8462	0.6947
22	4	0.6000	0.5000	0.5455	0.6947
22	5	0.8889	0.7273	0.8000	0.6947
22	6	0.7778	0.7000	0.7368	0.6947
22	7	0.7500	1.0000	0.8571	0.6947
22	8	0.8000	1.0000	0.8889	0.6947
22	9	0.5000	0.3333	0.4000	0.6947
22	10	0.6667	0.6667	0.6667	0.6947
22	11	0.5000	0.5000	0.5000	0.6947
22	12	0.0000	0.0000	0.0000	0.6947
22	13	0.0000	0.0000	0.0000	0.6947
22	14	0.0000	0.0000	0.0000	0.6947
22	15	0.0000	0.0000	0.0000	0.6947
22	16	0.3333	1.0000	0.5000	0.6947
22	17	0.0000	0.0000	0.0000	0.6947
22	18	0.0000	0.0000	0.0000	0.6947
22	19	1.0000	1.0000	1.0000	0.6947
22	20	0.0000	0.0000	0.0000	0.6947
22	21	0.0000	0.0000	0.0000	0.6947
22	22	0.0000	0.0000	0.0000	0.6947
22	23	0.0000	0.0000	0.0000	0.6947
22	24	0.0000	0.0000	0.0000	0.6947

Confusion Matrix for Seed 22:
[[43,  7,  5,  0,  1,  0,  0,  0,  0,  1,  0,  1,  0,  0,  0,  0,  0,  0,
   0,  0,  0,  0,  0,  0,  0],
 [ 4, 31,  8,  0,  2,  0,  1,  0,  0,  0,  0,  0,  0,  0,  0,  1,  0,  0,
   0,  0,  0,  0,  0,  0,  0],
 [ 4,  1, 35,  0,  0,  0,  0,  1,  0,  0,  1,  0,  0,  0,  0,  0,  0,  0,
   0,  0,  0,  0,  0,  0,  0],
 [ 0,  2,  0, 11,  0,  0,  0,  0,  0,  0,  0,  0,  0,  0,  0,  0,  0,  0,
   0,  0,  0,  0,  0,  0,  0],
 [ 1,  1,  3,  0,  6,  0,  0,  1,  0,  0,  0,  0,  0,  0,  0,  0,  0,  0,
   0,  0,  0,  0,  0,  0,  0],
 [ 0,  0,  1,  0,  0,  8,  1,  0,  0,  0,  0,  0,  0,  0,  0,  1,  0,  0,
   0,  0,  0,  0,  0,  0,  0],
 [ 0,  1,  0,  1,  0,  0,  7,  0,  0,  0,  0,  0,  0,  0,  0,  0,  1,  0,
   0,  0,  0,  0,  0,  0,  0],
 [ 0,  0,  0,  0,  0,  0,  0,  6,  0,  0,  0,  0,  0,  0,  0,  0,  0,  0,
   0,  0,  0,  0,  0,  0,  0],
 [ 0,  0,  0,  0,  0,  0,  0,  0,  4,  0,  0,  0,  0,  0,  0,  0,  0,  0,
   0,  0,  0,  0,  0,  0,  0],
 [ 0,  1,  0,  0,  0,  0,  0,  0,  1,  1,  0,  0,  0,  0,  0,  0,  0,  0,
   0,  0,  0,  0,  0,  0,  0],
 [ 1,  0,  0,  0,  0,  0,  0,  0,  0,  0,  2,  0,  0,  0,  0,  0,  0,  0,
   0,  0,  0,  0,  0,  0,  0],
 [ 0,  0,  1,  0,  0,  0,  0,  0,  0,  0,  0,  1,  0,  0,  0,  0,  0,  0,
   0,  0,  0,  0,  0,  0,  0],
 [ 1,  0,  0,  0,  0,  1,  0,  0,  0,  0,  0,  0,  0,  0,  0,  0,  0,  0,
   0,  0,  0,  0,  0,  0,  0],
 [ 0,  0,  2,  0,  0,  0,  0,  0,  0,  0,  0,  0,  0,  0,  0,  0,  0,  0,
   0,  0,  0,  0,  0,  0,  0],
 [ 0,  0,  1,  0,  0,  0,  0,  0,  0,  0,  0,  0,  0,  0,  0,  0,  0,  0,
   0,  0,  0,  0,  0,  0,  0],
 [ 0,  1,  0,  0,  0,  0,  0,  0,  0,  0,  0,  0,  0,  0,  0,  0,  0,  0,
   0,  0,  0,  0,  0,  0,  0],
 [ 0,  0,  0,  0,  0,  0,  0,  0,  0,  0,  0,  0,  0,  0,  0,  0,  1,  0,
   0,  0,  0,  0,  0,  0,  0],
 [ 0,  1,  0,  0,  0,  0,  0,  0,  0,  0,  0,  0,  0,  0,  0,  0,  0,  0,
   0,  0,  0,  0,  0,  0,  0],
 [ 0,  0,  1,  0,  0,  0,  0,  0,  0,  0,  0,  0,  0,  0,  0,  0,  0,  0,
   0,  0,  0,  0,  0,  0,  0],
 [ 0,  0,  0,  0,  0,  0,  0,  0,  0,  0,  0,  0,  0,  0,  0,  0,  0,  0,
   0,  1,  0,  0,  0,  0,  0],
 [ 0,  0,  1,  0,  0,  0,  0,  0,  0,  0,  0,  0,  0,  0,  0,  0,  0,  0,
   0,  0,  0,  0,  0,  0,  0],
 [ 0,  0,  0,  1,  0,  0,  0,  0,  0,  0,  0,  0,  0,  0,  0,  0,  0,  0,
   0,  0,  0,  0,  0,  0,  0],
 [ 0,  0,  0,  0,  1,  0,  0,  0,  0,  0,  0,  0,  0,  0,  0,  0,  0,  0,
   0,  0,  0,  0,  0,  0,  0],
 [ 1,  0,  0,  0,  0,  0,  0,  0,  0,  0,  0,  0,  0,  0,  0,  0,  0,  0,
   0,  0,  0,  0,  0,  0,  0],
 [ 0,  0,  0,  0,  0,  0,  0,  0,  0,  0,  0,  0,  0,  0,  0,  0,  1,  0,
   0,  0,  0,  0,  0,  0,  0]]
24	0	0.7361	0.9138	0.8154	0.7389
24	1	0.7895	0.6383	0.7059	0.7389
24	2	0.7111	0.7619	0.7356	0.7389
24	3	0.8182	0.6923	0.7500	0.7389
24	4	0.7500	0.7500	0.7500	0.7389
24	5	0.6923	0.8182	0.7500	0.7389
24	6	0.6364	0.7000	0.6667	0.7389
24	7	1.0000	0.8333	0.9091	0.7389
24	8	0.7500	0.7500	0.7500	0.7389
24	9	1.0000	0.6667	0.8000	0.7389
24	10	1.0000	1.0000	1.0000	0.7389
24	11	1.0000	0.5000	0.6667	0.7389
24	12	0.5000	0.5000	0.5000	0.7389
24	13	0.5000	0.5000	0.5000	0.7389
24	14	0.0000	0.0000	0.0000	0.7389
24	15	0.0000	0.0000	0.0000	0.7389
24	16	0.5000	1.0000	0.6667	0.7389
24	17	0.0000	0.0000	0.0000	0.7389
24	18	0.0000	0.0000	0.0000	0.7389
24	19	1.0000	1.0000	1.0000	0.7389
24	20	0.0000	0.0000	0.0000	0.7389
24	21	0.0000	0.0000	0.0000	0.7389
24	22	0.0000	0.0000	0.0000	0.7389
24	23	0.0000	0.0000	0.0000	0.7389
24	24	0.0000	0.0000	0.0000	0.7389

Confusion Matrix for Seed 24:
[[53,  3,  2,  0,  0,  0,  0,  0,  0,  0,  0,  0,  0,  0,  0,  0,  0,  0,
   0,  0,  0,  0,  0,  0,  0],
 [ 7, 30,  4,  0,  0,  1,  3,  0,  0,  0,  0,  0,  0,  0,  0,  1,  1,  0,
   0,  0,  0,  0,  0,  0,  0],
 [ 6,  3, 32,  0,  1,  0,  0,  0,  0,  0,  0,  0,  0,  0,  0,  0,  0,  0,
   0,  0,  0,  0,  0,  0,  0],
 [ 1,  0,  2,  9,  0,  0,  0,  0,  1,  0,  0,  0,  0,  0,  0,  0,  0,  0,
   0,  0,  0,  0,  0,  0,  0],
 [ 0,  1,  2,  0,  9,  0,  0,  0,  0,  0,  0,  0,  0,  0,  0,  0,  0,  0,
   0,  0,  0,  0,  0,  0,  0],
 [ 1,  0,  0,  0,  0,  9,  1,  0,  0,  0,  0,  0,  0,  0,  0,  0,  0,  0,
   0,  0,  0,  0,  0,  0,  0],
 [ 1,  0,  0,  0,  0,  2,  7,  0,  0,  0,  0,  0,  0,  0,  0,  0,  0,  0,
   0,  0,  0,  0,  0,  0,  0],
 [ 0,  0,  0,  0,  1,  0,  0,  5,  0,  0,  0,  0,  0,  0,  0,  0,  0,  0,
   0,  0,  0,  0,  0,  0,  0],
 [ 0,  0,  0,  1,  0,  0,  0,  0,  3,  0,  0,  0,  0,  0,  0,  0,  0,  0,
   0,  0,  0,  0,  0,  0,  0],
 [ 0,  0,  0,  0,  0,  0,  0,  0,  0,  2,  0,  0,  0,  1,  0,  0,  0,  0,
   0,  0,  0,  0,  0,  0,  0],
 [ 0,  0,  0,  0,  0,  0,  0,  0,  0,  0,  3,  0,  0,  0,  0,  0,  0,  0,
   0,  0,  0,  0,  0,  0,  0],
 [ 1,  0,  0,  0,  0,  0,  0,  0,  0,  0,  0,  1,  0,  0,  0,  0,  0,  0,
   0,  0,  0,  0,  0,  0,  0],
 [ 0,  0,  0,  0,  0,  1,  0,  0,  0,  0,  0,  0,  1,  0,  0,  0,  0,  0,
   0,  0,  0,  0,  0,  0,  0],
 [ 0,  0,  1,  0,  0,  0,  0,  0,  0,  0,  0,  0,  0,  1,  0,  0,  0,  0,
   0,  0,  0,  0,  0,  0,  0],
 [ 1,  0,  0,  0,  0,  0,  0,  0,  0,  0,  0,  0,  0,  0,  0,  0,  0,  0,
   0,  0,  0,  0,  0,  0,  0],
 [ 0,  0,  0,  0,  0,  0,  0,  0,  0,  0,  0,  0,  1,  0,  0,  0,  0,  0,
   0,  0,  0,  0,  0,  0,  0],
 [ 0,  0,  0,  0,  0,  0,  0,  0,  0,  0,  0,  0,  0,  0,  0,  0,  1,  0,
   0,  0,  0,  0,  0,  0,  0],
 [ 0,  0,  0,  1,  0,  0,  0,  0,  0,  0,  0,  0,  0,  0,  0,  0,  0,  0,
   0,  0,  0,  0,  0,  0,  0],
 [ 0,  0,  1,  0,  0,  0,  0,  0,  0,  0,  0,  0,  0,  0,  0,  0,  0,  0,
   0,  0,  0,  0,  0,  0,  0],
 [ 0,  0,  0,  0,  0,  0,  0,  0,  0,  0,  0,  0,  0,  0,  0,  0,  0,  0,
   0,  1,  0,  0,  0,  0,  0],
 [ 0,  0,  1,  0,  0,  0,  0,  0,  0,  0,  0,  0,  0,  0,  0,  0,  0,  0,
   0,  0,  0,  0,  0,  0,  0],
 [ 0,  1,  0,  0,  0,  0,  0,  0,  0,  0,  0,  0,  0,  0,  0,  0,  0,  0,
   0,  0,  0,  0,  0,  0,  0],
 [ 0,  0,  0,  0,  1,  0,  0,  0,  0,  0,  0,  0,  0,  0,  0,  0,  0,  0,
   0,  0,  0,  0,  0,  0,  0],
 [ 1,  0,  0,  0,  0,  0,  0,  0,  0,  0,  0,  0,  0,  0,  0,  0,  0,  0,
   0,  0,  0,  0,  0,  0,  0],
 [ 0,  0,  0,  0,  0,  0,  0,  0,  0,  0,  0,  0,  0,  0,  0,  0,  0,  0,
   0,  0,  0,  1,  0,  0,  0]]
26	0	0.7377	0.7759	0.7563	0.7301
26	1	0.7500	0.7660	0.7579	0.7301
26	2	0.7561	0.7381	0.7470	0.7301
26	3	0.8462	0.8462	0.8462	0.7301
26	4	0.6250	0.8333	0.7143	0.7301
26	5	0.7500	0.8182	0.7826	0.7301
26	6	1.0000	0.9000	0.9474	0.7301
26	7	1.0000	0.3333	0.5000	0.7301
26	8	1.0000	0.7500	0.8571	0.7301
26	9	0.3333	0.6667	0.4444	0.7301
26	10	0.6667	0.6667	0.6667	0.7301
26	11	1.0000	0.5000	0.6667	0.7301
26	12	0.0000	0.0000	0.0000	0.7301
26	13	1.0000	0.5000	0.6667	0.7301
26	14	0.0000	0.0000	0.0000	0.7301
26	15	0.2500	1.0000	0.4000	0.7301
26	16	0.5000	1.0000	0.6667	0.7301
26	17	0.0000	0.0000	0.0000	0.7301
26	18	0.0000	0.0000	0.0000	0.7301
26	19	1.0000	1.0000	1.0000	0.7301
26	20	0.0000	0.0000	0.0000	0.7301
26	21	0.0000	0.0000	0.0000	0.7301
26	22	0.0000	0.0000	0.0000	0.7301
26	23	0.0000	0.0000	0.0000	0.7301
26	24	0.0000	0.0000	0.0000	0.7301

Confusion Matrix for Seed 26:
[[45,  5,  5,  1,  1,  0,  0,  0,  0,  0,  0,  0,  0,  0,  1,  0,  0,  0,
   0,  0,  0,  0,  0,  0,  0],
 [ 6, 36,  0,  0,  3,  1,  0,  0,  0,  0,  0,  0,  0,  0,  0,  1,  0,  0,
   0,  0,  0,  0,  0,  0,  0],
 [ 8,  1, 31,  0,  0,  0,  0,  0,  0,  0,  1,  0,  1,  0,  0,  0,  0,  0,
   0,  0,  0,  0,  0,  0,  0],
 [ 1,  1,  0, 11,  0,  0,  0,  0,  0,  0,  0,  0,  0,  0,  0,  0,  0,  0,
   0,  0,  0,  0,  0,  0,  0],
 [ 0,  0,  0,  0, 10,  0,  0,  0,  0,  2,  0,  0,  0,  0,  0,  0,  0,  0,
   0,  0,  0,  0,  0,  0,  0],
 [ 0,  0,  0,  0,  0,  9,  0,  0,  0,  0,  0,  0,  0,  0,  0,  2,  0,  0,
   0,  0,  0,  0,  0,  0,  0],
 [ 0,  0,  0,  0,  0,  1,  9,  0,  0,  0,  0,  0,  0,  0,  0,  0,  0,  0,
   0,  0,  0,  0,  0,  0,  0],
 [ 0,  1,  1,  0,  2,  0,  0,  2,  0,  0,  0,  0,  0,  0,  0,  0,  0,  0,
   0,  0,  0,  0,  0,  0,  0],
 [ 0,  0,  0,  0,  0,  0,  0,  0,  3,  1,  0,  0,  0,  0,  0,  0,  0,  0,
   0,  0,  0,  0,  0,  0,  0],
 [ 0,  0,  1,  0,  0,  0,  0,  0,  0,  2,  0,  0,  0,  0,  0,  0,  0,  0,
   0,  0,  0,  0,  0,  0,  0],
 [ 0,  1,  0,  0,  0,  0,  0,  0,  0,  0,  2,  0,  0,  0,  0,  0,  0,  0,
   0,  0,  0,  0,  0,  0,  0],
 [ 0,  0,  1,  0,  0,  0,  0,  0,  0,  0,  0,  1,  0,  0,  0,  0,  0,  0,
   0,  0,  0,  0,  0,  0,  0],
 [ 0,  0,  0,  0,  0,  1,  0,  0,  0,  1,  0,  0,  0,  0,  0,  0,  0,  0,
   0,  0,  0,  0,  0,  0,  0],
 [ 0,  1,  0,  0,  0,  0,  0,  0,  0,  0,  0,  0,  0,  1,  0,  0,  0,  0,
   0,  0,  0,  0,  0,  0,  0],
 [ 1,  0,  0,  0,  0,  0,  0,  0,  0,  0,  0,  0,  0,  0,  0,  0,  0,  0,
   0,  0,  0,  0,  0,  0,  0],
 [ 0,  0,  0,  0,  0,  0,  0,  0,  0,  0,  0,  0,  0,  0,  0,  1,  0,  0,
   0,  0,  0,  0,  0,  0,  0],
 [ 0,  0,  0,  0,  0,  0,  0,  0,  0,  0,  0,  0,  0,  0,  0,  0,  1,  0,
   0,  0,  0,  0,  0,  0,  0],
 [ 0,  1,  0,  0,  0,  0,  0,  0,  0,  0,  0,  0,  0,  0,  0,  0,  0,  0,
   0,  0,  0,  0,  0,  0,  0],
 [ 0,  0,  1,  0,  0,  0,  0,  0,  0,  0,  0,  0,  0,  0,  0,  0,  0,  0,
   0,  0,  0,  0,  0,  0,  0],
 [ 0,  0,  0,  0,  0,  0,  0,  0,  0,  0,  0,  0,  0,  0,  0,  0,  0,  0,
   0,  1,  0,  0,  0,  0,  0],
 [ 0,  0,  0,  0,  0,  0,  0,  0,  0,  0,  0,  0,  1,  0,  0,  0,  0,  0,
   0,  0,  0,  0,  0,  0,  0],
 [ 0,  0,  0,  1,  0,  0,  0,  0,  0,  0,  0,  0,  0,  0,  0,  0,  0,  0,
   0,  0,  0,  0,  0,  0,  0],
 [ 0,  0,  1,  0,  0,  0,  0,  0,  0,  0,  0,  0,  0,  0,  0,  0,  0,  0,
   0,  0,  0,  0,  0,  0,  0],
 [ 0,  1,  0,  0,  0,  0,  0,  0,  0,  0,  0,  0,  0,  0,  0,  0,  0,  0,
   0,  0,  0,  0,  0,  0,  0],
 [ 0,  0,  0,  0,  0,  0,  0,  0,  0,  0,  0,  0,  0,  0,  0,  0,  1,  0,
   0,  0,  0,  0,  0,  0,  0]]
28	0	0.8846	0.7931	0.8364	0.7257
28	1	0.6441	0.8085	0.7170	0.7257
28	2	0.6341	0.6190	0.6265	0.7257
28	3	0.5000	0.4615	0.4800	0.7257
28	4	0.7333	0.9167	0.8148	0.7257
28	5	0.7857	1.0000	0.8800	0.7257
28	6	0.9000	0.9000	0.9000	0.7257
28	7	0.8333	0.8333	0.8333	0.7257
28	8	1.0000	1.0000	1.0000	0.7257
28	9	1.0000	1.0000	1.0000	0.7257
28	10	1.0000	0.6667	0.8000	0.7257
28	11	0.0000	0.0000	0.0000	0.7257
28	12	0.0000	0.0000	0.0000	0.7257
28	13	1.0000	0.5000	0.6667	0.7257
28	14	1.0000	1.0000	1.0000	0.7257
28	15	0.0000	0.0000	0.0000	0.7257
28	16	0.0000	0.0000	0.0000	0.7257
28	17	0.0000	0.0000	0.0000	0.7257
28	18	0.0000	0.0000	0.0000	0.7257
28	19	1.0000	1.0000	1.0000	0.7257
28	20	0.0000	0.0000	0.0000	0.7257
28	21	0.0000	0.0000	0.0000	0.7257
28	22	0.0000	0.0000	0.0000	0.7257
28	23	0.0000	0.0000	0.0000	0.7257
28	24	0.0000	0.0000	0.0000	0.7257

Confusion Matrix for Seed 28:
[[46,  6,  4,  0,  1,  0,  1,  0,  0,  0,  0,  0,  0,  0,  0,  0,  0,  0,
   0,  0,  0,  0,  0,  0,  0],
 [ 0, 38,  5,  0,  1,  2,  0,  0,  0,  0,  0,  0,  1,  0,  0,  0,  0,  0,
   0,  0,  0,  0,  0,  0,  0],
 [ 4,  6, 26,  4,  0,  0,  0,  1,  0,  0,  0,  0,  1,  0,  0,  0,  0,  0,
   0,  0,  0,  0,  0,  0,  0],
 [ 1,  3,  3,  6,  0,  0,  0,  0,  0,  0,  0,  0,  0,  0,  0,  0,  0,  0,
   0,  0,  0,  0,  0,  0,  0],
 [ 0,  0,  1,  0, 11,  0,  0,  0,  0,  0,  0,  0,  0,  0,  0,  0,  0,  0,
   0,  0,  0,  0,  0,  0,  0],
 [ 0,  0,  0,  0,  0, 11,  0,  0,  0,  0,  0,  0,  0,  0,  0,  0,  0,  0,
   0,  0,  0,  0,  0,  0,  0],
 [ 0,  0,  0,  1,  0,  0,  9,  0,  0,  0,  0,  0,  0,  0,  0,  0,  0,  0,
   0,  0,  0,  0,  0,  0,  0],
 [ 0,  0,  0,  0,  0,  0,  0,  5,  0,  0,  0,  0,  1,  0,  0,  0,  0,  0,
   0,  0,  0,  0,  0,  0,  0],
 [ 0,  0,  0,  0,  0,  0,  0,  0,  4,  0,  0,  0,  0,  0,  0,  0,  0,  0,
   0,  0,  0,  0,  0,  0,  0],
 [ 0,  0,  0,  0,  0,  0,  0,  0,  0,  3,  0,  0,  0,  0,  0,  0,  0,  0,
   0,  0,  0,  0,  0,  0,  0],
 [ 0,  0,  0,  0,  0,  0,  0,  0,  0,  0,  2,  0,  0,  0,  0,  0,  0,  0,
   1,  0,  0,  0,  0,  0,  0],
 [ 0,  0,  1,  0,  1,  0,  0,  0,  0,  0,  0,  0,  0,  0,  0,  0,  0,  0,
   0,  0,  0,  0,  0,  0,  0],
 [ 0,  2,  0,  0,  0,  0,  0,  0,  0,  0,  0,  0,  0,  0,  0,  0,  0,  0,
   0,  0,  0,  0,  0,  0,  0],
 [ 0,  1,  0,  0,  0,  0,  0,  0,  0,  0,  0,  0,  0,  1,  0,  0,  0,  0,
   0,  0,  0,  0,  0,  0,  0],
 [ 0,  0,  0,  0,  0,  0,  0,  0,  0,  0,  0,  0,  0,  0,  1,  0,  0,  0,
   0,  0,  0,  0,  0,  0,  0],
 [ 0,  0,  0,  0,  0,  1,  0,  0,  0,  0,  0,  0,  0,  0,  0,  0,  0,  0,
   0,  0,  0,  0,  0,  0,  0],
 [ 1,  0,  0,  0,  0,  0,  0,  0,  0,  0,  0,  0,  0,  0,  0,  0,  0,  0,
   0,  0,  0,  0,  0,  0,  0],
 [ 0,  1,  0,  0,  0,  0,  0,  0,  0,  0,  0,  0,  0,  0,  0,  0,  0,  0,
   0,  0,  0,  0,  0,  0,  0],
 [ 0,  0,  1,  0,  0,  0,  0,  0,  0,  0,  0,  0,  0,  0,  0,  0,  0,  0,
   0,  0,  0,  0,  0,  0,  0],
 [ 0,  0,  0,  0,  0,  0,  0,  0,  0,  0,  0,  0,  0,  0,  0,  0,  0,  0,
   0,  1,  0,  0,  0,  0,  0],
 [ 0,  1,  0,  0,  0,  0,  0,  0,  0,  0,  0,  0,  0,  0,  0,  0,  0,  0,
   0,  0,  0,  0,  0,  0,  0],
 [ 0,  0,  0,  1,  0,  0,  0,  0,  0,  0,  0,  0,  0,  0,  0,  0,  0,  0,
   0,  0,  0,  0,  0,  0,  0],
 [ 0,  0,  0,  0,  1,  0,  0,  0,  0,  0,  0,  0,  0,  0,  0,  0,  0,  0,
   0,  0,  0,  0,  0,  0,  0],
 [ 0,  1,  0,  0,  0,  0,  0,  0,  0,  0,  0,  0,  0,  0,  0,  0,  0,  0,
   0,  0,  0,  0,  0,  0,  0],
 [ 0,  0,  0,  0,  0,  0,  0,  0,  0,  0,  0,  1,  0,  0,  0,  0,  0,  0,
   0,  0,  0,  0,  0,  0,  0]]
30	0	0.7258	0.7759	0.7500	0.7035
30	1	0.8049	0.7021	0.7500	0.7035
30	2	0.6364	0.6667	0.6512	0.7035
30	3	0.7857	0.8462	0.8148	0.7035
30	4	0.8182	0.7500	0.7826	0.7035
30	5	0.5000	0.6364	0.5600	0.7035
30	6	0.7273	0.8000	0.7619	0.7035
30	7	0.7143	0.8333	0.7692	0.7035
30	8	0.8000	1.0000	0.8889	0.7035
30	9	0.5000	0.6667	0.5714	0.7035
30	10	1.0000	0.6667	0.8000	0.7035
30	11	0.0000	0.0000	0.0000	0.7035
30	12	0.0000	0.0000	0.0000	0.7035
30	13	0.4000	1.0000	0.5714	0.7035
30	14	0.0000	0.0000	0.0000	0.7035
30	15	0.5000	1.0000	0.6667	0.7035
30	16	1.0000	1.0000	1.0000	0.7035
30	17	0.0000	0.0000	0.0000	0.7035
30	18	0.0000	0.0000	0.0000	0.7035
30	19	1.0000	1.0000	1.0000	0.7035
30	20	0.0000	0.0000	0.0000	0.7035
30	21	0.0000	0.0000	0.0000	0.7035
30	22	0.0000	0.0000	0.0000	0.7035
30	23	0.0000	0.0000	0.0000	0.7035
30	24	0.0000	0.0000	0.0000	0.7035

Confusion Matrix for Seed 30:
[[45,  2,  5,  0,  1,  1,  2,  0,  0,  1,  0,  0,  0,  0,  1,  0,  0,  0,
   0,  0,  0,  0,  0,  0,  0],
 [ 5, 33,  4,  1,  0,  0,  1,  1,  0,  1,  0,  0,  0,  1,  0,  0,  0,  0,
   0,  0,  0,  0,  0,  0,  0],
 [ 9,  3, 28,  1,  0,  0,  0,  1,  0,  0,  0,  0,  0,  0,  0,  0,  0,  0,
   0,  0,  0,  0,  0,  0,  0],
 [ 0,  0,  0, 11,  0,  0,  0,  0,  1,  0,  0,  0,  0,  1,  0,  0,  0,  0,
   0,  0,  0,  0,  0,  0,  0],
 [ 0,  0,  1,  1,  9,  1,  0,  0,  0,  0,  0,  0,  0,  0,  0,  0,  0,  0,
   0,  0,  0,  0,  0,  0,  0],
 [ 1,  0,  1,  0,  0,  7,  0,  0,  0,  0,  0,  0,  0,  0,  1,  1,  0,  0,
   0,  0,  0,  0,  0,  0,  0],
 [ 0,  0,  0,  0,  0,  2,  8,  0,  0,  0,  0,  0,  0,  0,  0,  0,  0,  0,
   0,  0,  0,  0,  0,  0,  0],
 [ 0,  0,  1,  0,  0,  0,  0,  5,  0,  0,  0,  0,  0,  0,  0,  0,  0,  0,
   0,  0,  0,  0,  0,  0,  0],
 [ 0,  0,  0,  0,  0,  0,  0,  0,  4,  0,  0,  0,  0,  0,  0,  0,  0,  0,
   0,  0,  0,  0,  0,  0,  0],
 [ 0,  0,  1,  0,  0,  0,  0,  0,  0,  2,  0,  0,  0,  0,  0,  0,  0,  0,
   0,  0,  0,  0,  0,  0,  0],
 [ 0,  0,  1,  0,  0,  0,  0,  0,  0,  0,  2,  0,  0,  0,  0,  0,  0,  0,
   0,  0,  0,  0,  0,  0,  0],
 [ 1,  0,  0,  0,  0,  1,  0,  0,  0,  0,  0,  0,  0,  0,  0,  0,  0,  0,
   0,  0,  0,  0,  0,  0,  0],
 [ 0,  0,  0,  0,  0,  2,  0,  0,  0,  0,  0,  0,  0,  0,  0,  0,  0,  0,
   0,  0,  0,  0,  0,  0,  0],
 [ 0,  0,  0,  0,  0,  0,  0,  0,  0,  0,  0,  0,  0,  2,  0,  0,  0,  0,
   0,  0,  0,  0,  0,  0,  0],
 [ 0,  1,  0,  0,  0,  0,  0,  0,  0,  0,  0,  0,  0,  0,  0,  0,  0,  0,
   0,  0,  0,  0,  0,  0,  0],
 [ 0,  0,  0,  0,  0,  0,  0,  0,  0,  0,  0,  0,  0,  0,  0,  1,  0,  0,
   0,  0,  0,  0,  0,  0,  0],
 [ 0,  0,  0,  0,  0,  0,  0,  0,  0,  0,  0,  0,  0,  0,  0,  0,  1,  0,
   0,  0,  0,  0,  0,  0,  0],
 [ 0,  1,  0,  0,  0,  0,  0,  0,  0,  0,  0,  0,  0,  0,  0,  0,  0,  0,
   0,  0,  0,  0,  0,  0,  0],
 [ 0,  0,  1,  0,  0,  0,  0,  0,  0,  0,  0,  0,  0,  0,  0,  0,  0,  0,
   0,  0,  0,  0,  0,  0,  0],
 [ 0,  0,  0,  0,  0,  0,  0,  0,  0,  0,  0,  0,  0,  0,  0,  0,  0,  0,
   0,  1,  0,  0,  0,  0,  0],
 [ 0,  0,  1,  0,  0,  0,  0,  0,  0,  0,  0,  0,  0,  0,  0,  0,  0,  0,
   0,  0,  0,  0,  0,  0,  0],
 [ 1,  0,  0,  0,  0,  0,  0,  0,  0,  0,  0,  0,  0,  0,  0,  0,  0,  0,
   0,  0,  0,  0,  0,  0,  0],
 [ 0,  0,  0,  0,  1,  0,  0,  0,  0,  0,  0,  0,  0,  0,  0,  0,  0,  0,
   0,  0,  0,  0,  0,  0,  0],
 [ 0,  1,  0,  0,  0,  0,  0,  0,  0,  0,  0,  0,  0,  0,  0,  0,  0,  0,
   0,  0,  0,  0,  0,  0,  0],
 [ 0,  0,  0,  0,  0,  0,  0,  0,  0,  0,  0,  0,  0,  1,  0,  0,  0,  0,
   0,  0,  0,  0,  0,  0,  0]]
32	0	0.7273	0.6897	0.7080	0.6504
32	1	0.5897	0.4894	0.5349	0.6504
32	2	0.7083	0.8095	0.7556	0.6504
32	3	0.5714	0.9231	0.7059	0.6504
32	4	0.7333	0.9167	0.8148	0.6504
32	5	0.8333	0.4545	0.5882	0.6504
32	6	0.7000	0.7000	0.7000	0.6504
32	7	0.8333	0.8333	0.8333	0.6504
32	8	1.0000	0.5000	0.6667	0.6504
32	9	0.6000	1.0000	0.7500	0.6504
32	10	0.4000	0.6667	0.5000	0.6504
32	11	0.2500	0.5000	0.3333	0.6504
32	12	0.0000	0.0000	0.0000	0.6504
32	13	1.0000	0.5000	0.6667	0.6504
32	14	0.0000	0.0000	0.0000	0.6504
32	15	0.0000	0.0000	0.0000	0.6504
32	16	0.0000	0.0000	0.0000	0.6504
32	17	0.0000	0.0000	0.0000	0.6504
32	18	0.0000	0.0000	0.0000	0.6504
32	19	1.0000	1.0000	1.0000	0.6504
32	20	0.0000	0.0000	0.0000	0.6504
32	21	0.0000	0.0000	0.0000	0.6504
32	22	0.0000	0.0000	0.0000	0.6504
32	23	0.0000	0.0000	0.0000	0.6504
32	24	0.0000	0.0000	0.0000	0.6504

Confusion Matrix for Seed 32:
[[40,  6,  4,  2,  0,  0,  1,  0,  0,  0,  1,  2,  2,  0,  0,  0,  0,  0,
   0,  0,  0,  0,  0,  0,  0],
 [ 6, 23,  8,  1,  3,  1,  1,  0,  0,  0,  1,  0,  0,  0,  0,  0,  0,  3,
   0,  0,  0,  0,  0,  0,  0],
 [ 4,  3, 34,  1,  0,  0,  0,  0,  0,  0,  0,  0,  0,  0,  0,  0,  0,  0,
   0,  0,  0,  0,  0,  0,  0],
 [ 0,  1,  0, 12,  0,  0,  0,  0,  0,  0,  0,  0,  0,  0,  0,  0,  0,  0,
   0,  0,  0,  0,  0,  0,  0],
 [ 0,  0,  0,  0, 11,  0,  0,  0,  0,  1,  0,  0,  0,  0,  0,  0,  0,  0,
   0,  0,  0,  0,  0,  0,  0],
 [ 1,  2,  0,  0,  0,  5,  1,  0,  0,  0,  0,  0,  0,  0,  0,  2,  0,  0,
   0,  0,  0,  0,  0,  0,  0],
 [ 0,  2,  0,  1,  0,  0,  7,  0,  0,  0,  0,  0,  0,  0,  0,  0,  0,  0,
   0,  0,  0,  0,  0,  0,  0],
 [ 0,  1,  0,  0,  0,  0,  0,  5,  0,  0,  0,  0,  0,  0,  0,  0,  0,  0,
   0,  0,  0,  0,  0,  0,  0],
 [ 0,  0,  0,  0,  0,  0,  0,  0,  2,  1,  0,  0,  0,  0,  0,  0,  1,  0,
   0,  0,  0,  0,  0,  0,  0],
 [ 0,  0,  0,  0,  0,  0,  0,  0,  0,  3,  0,  0,  0,  0,  0,  0,  0,  0,
   0,  0,  0,  0,  0,  0,  0],
 [ 0,  0,  0,  1,  0,  0,  0,  0,  0,  0,  2,  0,  0,  0,  0,  0,  0,  0,
   0,  0,  0,  0,  0,  0,  0],
 [ 1,  0,  0,  0,  0,  0,  0,  0,  0,  0,  0,  1,  0,  0,  0,  0,  0,  0,
   0,  0,  0,  0,  0,  0,  0],
 [ 1,  0,  0,  0,  0,  0,  0,  1,  0,  0,  0,  0,  0,  0,  0,  0,  0,  0,
   0,  0,  0,  0,  0,  0,  0],
 [ 0,  0,  0,  1,  0,  0,  0,  0,  0,  0,  0,  0,  0,  1,  0,  0,  0,  0,
   0,  0,  0,  0,  0,  0,  0],
 [ 0,  0,  1,  0,  0,  0,  0,  0,  0,  0,  0,  0,  0,  0,  0,  0,  0,  0,
   0,  0,  0,  0,  0,  0,  0],
 [ 0,  1,  0,  0,  0,  0,  0,  0,  0,  0,  0,  0,  0,  0,  0,  0,  0,  0,
   0,  0,  0,  0,  0,  0,  0],
 [ 1,  0,  0,  0,  0,  0,  0,  0,  0,  0,  0,  0,  0,  0,  0,  0,  0,  0,
   0,  0,  0,  0,  0,  0,  0],
 [ 0,  0,  0,  1,  0,  0,  0,  0,  0,  0,  0,  0,  0,  0,  0,  0,  0,  0,
   0,  0,  0,  0,  0,  0,  0],
 [ 0,  0,  0,  0,  0,  0,  0,  0,  0,  0,  1,  0,  0,  0,  0,  0,  0,  0,
   0,  0,  0,  0,  0,  0,  0],
 [ 0,  0,  0,  0,  0,  0,  0,  0,  0,  0,  0,  0,  0,  0,  0,  0,  0,  0,
   0,  1,  0,  0,  0,  0,  0],
 [ 0,  0,  1,  0,  0,  0,  0,  0,  0,  0,  0,  0,  0,  0,  0,  0,  0,  0,
   0,  0,  0,  0,  0,  0,  0],
 [ 0,  0,  0,  1,  0,  0,  0,  0,  0,  0,  0,  0,  0,  0,  0,  0,  0,  0,
   0,  0,  0,  0,  0,  0,  0],
 [ 0,  0,  0,  0,  1,  0,  0,  0,  0,  0,  0,  0,  0,  0,  0,  0,  0,  0,
   0,  0,  0,  0,  0,  0,  0],
 [ 1,  0,  0,  0,  0,  0,  0,  0,  0,  0,  0,  0,  0,  0,  0,  0,  0,  0,
   0,  0,  0,  0,  0,  0,  0],
 [ 0,  0,  0,  0,  0,  0,  0,  0,  0,  0,  0,  1,  0,  0,  0,  0,  0,  0,
   0,  0,  0,  0,  0,  0,  0]]
34	0	0.8421	0.8276	0.8348	0.6991
34	1	0.7292	0.7447	0.7368	0.6991
34	2	0.6522	0.7143	0.6818	0.6991
34	3	0.5000	0.3846	0.4348	0.6991
34	4	0.6667	0.8333	0.7407	0.6991
34	5	0.7273	0.7273	0.7273	0.6991
34	6	0.5000	0.8000	0.6154	0.6991
34	7	0.7500	0.5000	0.6000	0.6991
34	8	0.8000	1.0000	0.8889	0.6991
34	9	0.7500	1.0000	0.8571	0.6991
34	10	1.0000	0.3333	0.5000	0.6991
34	11	0.0000	0.0000	0.0000	0.6991
34	12	0.0000	0.0000	0.0000	0.6991
34	13	1.0000	1.0000	1.0000	0.6991
34	14	0.0000	0.0000	0.0000	0.6991
34	15	0.0000	0.0000	0.0000	0.6991
34	16	0.0000	0.0000	0.0000	0.6991
34	17	0.0000	0.0000	0.0000	0.6991
34	18	0.0000	0.0000	0.0000	0.6991
34	19	1.0000	1.0000	1.0000	0.6991
34	20	0.0000	0.0000	0.0000	0.6991
34	21	0.0000	0.0000	0.0000	0.6991
34	22	0.0000	0.0000	0.0000	0.6991
34	23	0.0000	0.0000	0.0000	0.6991
34	24	0.0000	0.0000	0.0000	0.6991

Confusion Matrix for Seed 34:
[[48,  2,  7,  0,  1,  0,  0,  0,  0,  0,  0,  0,  0,  0,  0,  0,  0,  0,
   0,  0,  0,  0,  0,  0,  0],
 [ 2, 35,  3,  2,  1,  0,  4,  0,  0,  0,  0,  0,  0,  0,  0,  0,  0,  0,
   0,  0,  0,  0,  0,  0,  0],
 [ 4,  2, 30,  2,  0,  0,  3,  1,  0,  0,  0,  0,  0,  0,  0,  0,  0,  0,
   0,  0,  0,  0,  0,  0,  0],
 [ 1,  4,  2,  5,  0,  0,  0,  0,  0,  0,  0,  0,  0,  0,  0,  0,  0,  0,
   0,  0,  0,  1,  0,  0,  0],
 [ 0,  0,  0,  0, 10,  0,  0,  0,  0,  0,  0,  0,  0,  0,  0,  0,  0,  2,
   0,  0,  0,  0,  0,  0,  0],
 [ 1,  0,  1,  0,  0,  8,  1,  0,  0,  0,  0,  0,  0,  0,  0,  0,  0,  0,
   0,  0,  0,  0,  0,  0,  0],
 [ 0,  1,  0,  0,  0,  1,  8,  0,  0,  0,  0,  0,  0,  0,  0,  0,  0,  0,
   0,  0,  0,  0,  0,  0,  0],
 [ 0,  0,  0,  0,  2,  0,  0,  3,  0,  0,  0,  0,  0,  0,  0,  0,  0,  1,
   0,  0,  0,  0,  0,  0,  0],
 [ 0,  0,  0,  0,  0,  0,  0,  0,  4,  0,  0,  0,  0,  0,  0,  0,  0,  0,
   0,  0,  0,  0,  0,  0,  0],
 [ 0,  0,  0,  0,  0,  0,  0,  0,  0,  3,  0,  0,  0,  0,  0,  0,  0,  0,
   0,  0,  0,  0,  0,  0,  0],
 [ 0,  0,  1,  1,  0,  0,  0,  0,  0,  0,  1,  0,  0,  0,  0,  0,  0,  0,
   0,  0,  0,  0,  0,  0,  0],
 [ 1,  0,  1,  0,  0,  0,  0,  0,  0,  0,  0,  0,  0,  0,  0,  0,  0,  0,
   0,  0,  0,  0,  0,  0,  0],
 [ 0,  0,  0,  0,  0,  1,  0,  0,  0,  1,  0,  0,  0,  0,  0,  0,  0,  0,
   0,  0,  0,  0,  0,  0,  0],
 [ 0,  0,  0,  0,  0,  0,  0,  0,  0,  0,  0,  0,  0,  2,  0,  0,  0,  0,
   0,  0,  0,  0,  0,  0,  0],
 [ 0,  1,  0,  0,  0,  0,  0,  0,  0,  0,  0,  0,  0,  0,  0,  0,  0,  0,
   0,  0,  0,  0,  0,  0,  0],
 [ 0,  0,  0,  0,  0,  1,  0,  0,  0,  0,  0,  0,  0,  0,  0,  0,  0,  0,
   0,  0,  0,  0,  0,  0,  0],
 [ 0,  0,  0,  0,  0,  0,  0,  0,  1,  0,  0,  0,  0,  0,  0,  0,  0,  0,
   0,  0,  0,  0,  0,  0,  0],
 [ 0,  1,  0,  0,  0,  0,  0,  0,  0,  0,  0,  0,  0,  0,  0,  0,  0,  0,
   0,  0,  0,  0,  0,  0,  0],
 [ 0,  0,  1,  0,  0,  0,  0,  0,  0,  0,  0,  0,  0,  0,  0,  0,  0,  0,
   0,  0,  0,  0,  0,  0,  0],
 [ 0,  0,  0,  0,  0,  0,  0,  0,  0,  0,  0,  0,  0,  0,  0,  0,  0,  0,
   0,  1,  0,  0,  0,  0,  0],
 [ 0,  0,  0,  0,  0,  0,  0,  0,  0,  0,  0,  0,  0,  0,  1,  0,  0,  0,
   0,  0,  0,  0,  0,  0,  0],
 [ 0,  1,  0,  0,  0,  0,  0,  0,  0,  0,  0,  0,  0,  0,  0,  0,  0,  0,
   0,  0,  0,  0,  0,  0,  0],
 [ 0,  0,  0,  0,  1,  0,  0,  0,  0,  0,  0,  0,  0,  0,  0,  0,  0,  0,
   0,  0,  0,  0,  0,  0,  0],
 [ 0,  1,  0,  0,  0,  0,  0,  0,  0,  0,  0,  0,  0,  0,  0,  0,  0,  0,
   0,  0,  0,  0,  0,  0,  0],
 [ 0,  0,  0,  0,  0,  0,  0,  0,  0,  0,  0,  0,  0,  0,  0,  0,  1,  0,
   0,  0,  0,  0,  0,  0,  0]]
36	0	0.7778	0.7241	0.7500	0.6637
36	1	0.6140	0.7447	0.6731	0.6637
36	2	0.6410	0.5952	0.6173	0.6637
36	3	0.5882	0.7692	0.6667	0.6637
36	4	0.6923	0.7500	0.7200	0.6637
36	5	0.7778	0.6364	0.7000	0.6637
36	6	0.6000	0.6000	0.6000	0.6637
36	7	0.5714	0.6667	0.6154	0.6637
36	8	1.0000	0.7500	0.8571	0.6637
36	9	0.5000	0.6667	0.5714	0.6637
36	10	0.6667	0.6667	0.6667	0.6637
36	11	0.3333	0.5000	0.4000	0.6637
36	12	0.0000	0.0000	0.0000	0.6637
36	13	0.6667	1.0000	0.8000	0.6637
36	14	0.0000	0.0000	0.0000	0.6637
36	15	0.0000	0.0000	0.0000	0.6637
36	16	0.0000	0.0000	0.0000	0.6637
36	17	1.0000	1.0000	1.0000	0.6637
36	18	0.0000	0.0000	0.0000	0.6637
36	19	1.0000	1.0000	1.0000	0.6637
36	20	0.0000	0.0000	0.0000	0.6637
36	21	0.0000	0.0000	0.0000	0.6637
36	22	0.0000	0.0000	0.0000	0.6637
36	23	0.0000	0.0000	0.0000	0.6637
36	24	0.0000	0.0000	0.0000	0.6637

Confusion Matrix for Seed 36:
[[42,  5,  8,  0,  1,  0,  1,  0,  0,  0,  1,  0,  0,  0,  0,  0,  0,  0,
   0,  0,  0,  0,  0,  0,  0],
 [ 3, 35,  3,  1,  1,  1,  1,  1,  0,  1,  0,  0,  0,  0,  0,  0,  0,  0,
   0,  0,  0,  0,  0,  0,  0],
 [ 6,  6, 25,  2,  1,  0,  1,  1,  0,  0,  0,  0,  0,  0,  0,  0,  0,  0,
   0,  0,  0,  0,  0,  0,  0],
 [ 0,  3,  0, 10,  0,  0,  0,  0,  0,  0,  0,  0,  0,  0,  0,  0,  0,  0,
   0,  0,  0,  0,  0,  0,  0],
 [ 0,  2,  0,  0,  9,  0,  0,  0,  0,  1,  0,  0,  0,  0,  0,  0,  0,  0,
   0,  0,  0,  0,  0,  0,  0],
 [ 0,  0,  0,  0,  0,  7,  1,  0,  0,  0,  0,  1,  0,  1,  0,  1,  0,  0,
   0,  0,  0,  0,  0,  0,  0],
 [ 0,  3,  0,  1,  0,  0,  6,  0,  0,  0,  0,  0,  0,  0,  0,  0,  0,  0,
   0,  0,  0,  0,  0,  0,  0],
 [ 0,  0,  1,  1,  0,  0,  0,  4,  0,  0,  0,  0,  0,  0,  0,  0,  0,  0,
   0,  0,  0,  0,  0,  0,  0],
 [ 0,  0,  0,  0,  0,  0,  0,  0,  3,  0,  0,  0,  0,  0,  0,  0,  1,  0,
   0,  0,  0,  0,  0,  0,  0],
 [ 0,  1,  0,  0,  0,  0,  0,  0,  0,  2,  0,  0,  0,  0,  0,  0,  0,  0,
   0,  0,  0,  0,  0,  0,  0],
 [ 1,  0,  0,  0,  0,  0,  0,  0,  0,  0,  2,  0,  0,  0,  0,  0,  0,  0,
   0,  0,  0,  0,  0,  0,  0],
 [ 0,  0,  0,  1,  0,  0,  0,  0,  0,  0,  0,  1,  0,  0,  0,  0,  0,  0,
   0,  0,  0,  0,  0,  0,  0],
 [ 1,  0,  0,  0,  0,  0,  0,  1,  0,  0,  0,  0,  0,  0,  0,  0,  0,  0,
   0,  0,  0,  0,  0,  0,  0],
 [ 0,  0,  0,  0,  0,  0,  0,  0,  0,  0,  0,  0,  0,  2,  0,  0,  0,  0,
   0,  0,  0,  0,  0,  0,  0],
 [ 0,  1,  0,  0,  0,  0,  0,  0,  0,  0,  0,  0,  0,  0,  0,  0,  0,  0,
   0,  0,  0,  0,  0,  0,  0],
 [ 0,  0,  0,  0,  0,  1,  0,  0,  0,  0,  0,  0,  0,  0,  0,  0,  0,  0,
   0,  0,  0,  0,  0,  0,  0],
 [ 1,  0,  0,  0,  0,  0,  0,  0,  0,  0,  0,  0,  0,  0,  0,  0,  0,  0,
   0,  0,  0,  0,  0,  0,  0],
 [ 0,  0,  0,  0,  0,  0,  0,  0,  0,  0,  0,  0,  0,  0,  0,  0,  0,  1,
   0,  0,  0,  0,  0,  0,  0],
 [ 0,  0,  1,  0,  0,  0,  0,  0,  0,  0,  0,  0,  0,  0,  0,  0,  0,  0,
   0,  0,  0,  0,  0,  0,  0],
 [ 0,  0,  0,  0,  0,  0,  0,  0,  0,  0,  0,  0,  0,  0,  0,  0,  0,  0,
   0,  1,  0,  0,  0,  0,  0],
 [ 0,  0,  1,  0,  0,  0,  0,  0,  0,  0,  0,  0,  0,  0,  0,  0,  0,  0,
   0,  0,  0,  0,  0,  0,  0],
 [ 0,  0,  0,  1,  0,  0,  0,  0,  0,  0,  0,  0,  0,  0,  0,  0,  0,  0,
   0,  0,  0,  0,  0,  0,  0],
 [ 0,  0,  0,  0,  1,  0,  0,  0,  0,  0,  0,  0,  0,  0,  0,  0,  0,  0,
   0,  0,  0,  0,  0,  0,  0],
 [ 0,  1,  0,  0,  0,  0,  0,  0,  0,  0,  0,  0,  0,  0,  0,  0,  0,  0,
   0,  0,  0,  0,  0,  0,  0],
 [ 0,  0,  0,  0,  0,  0,  0,  0,  0,  0,  0,  1,  0,  0,  0,  0,  0,  0,
   0,  0,  0,  0,  0,  0,  0]]
38	0	0.6714	0.8103	0.7344	0.6770
38	1	0.7000	0.5957	0.6437	0.6770
38	2	0.6364	0.6667	0.6512	0.6770
38	3	0.7692	0.7692	0.7692	0.6770
38	4	0.7143	0.8333	0.7692	0.6770
38	5	0.7778	0.6364	0.7000	0.6770
38	6	0.7778	0.7000	0.7368	0.6770
38	7	0.7500	0.5000	0.6000	0.6770
38	8	1.0000	1.0000	1.0000	0.6770
38	9	0.6000	1.0000	0.7500	0.6770
38	10	0.6667	0.6667	0.6667	0.6770
38	11	0.0000	0.0000	0.0000	0.6770
38	12	0.0000	0.0000	0.0000	0.6770
38	13	1.0000	1.0000	1.0000	0.6770
38	14	0.0000	0.0000	0.0000	0.6770
38	15	0.0000	0.0000	0.0000	0.6770
38	16	1.0000	1.0000	1.0000	0.6770
38	17	0.0000	0.0000	0.0000	0.6770
38	18	0.0000	0.0000	0.0000	0.6770
38	19	1.0000	1.0000	1.0000	0.6770
38	20	0.0000	0.0000	0.0000	0.6770
38	21	0.0000	0.0000	0.0000	0.6770
38	22	0.0000	0.0000	0.0000	0.6770
38	23	0.0000	0.0000	0.0000	0.6770
38	24	0.0000	0.0000	0.0000	0.6770

Confusion Matrix for Seed 38:
[[47,  6,  4,  0,  0,  0,  0,  0,  0,  0,  0,  0,  0,  0,  0,  0,  0,  1,
   0,  0,  0,  0,  0,  0,  0],
 [ 8, 28,  7,  0,  2,  0,  1,  0,  0,  1,  0,  0,  0,  0,  0,  0,  0,  0,
   0,  0,  0,  0,  0,  0,  0],
 [ 8,  1, 28,  1,  1,  1,  1,  0,  0,  0,  1,  0,  0,  0,  0,  0,  0,  0,
   0,  0,  0,  0,  0,  0,  0],
 [ 2,  1,  0, 10,  0,  0,  0,  0,  0,  0,  0,  0,  0,  0,  0,  0,  0,  0,
   0,  0,  0,  0,  0,  0,  0],
 [ 0,  1,  0,  0, 10,  0,  0,  0,  0,  1,  0,  0,  0,  0,  0,  0,  0,  0,
   0,  0,  0,  0,  0,  0,  0],
 [ 1,  0,  0,  0,  0,  7,  0,  0,  0,  0,  0,  0,  0,  0,  0,  2,  0,  0,
   1,  0,  0,  0,  0,  0,  0],
 [ 0,  0,  0,  1,  0,  1,  7,  0,  0,  0,  0,  0,  1,  0,  0,  0,  0,  0,
   0,  0,  0,  0,  0,  0,  0],
 [ 0,  0,  1,  0,  1,  0,  0,  3,  0,  0,  0,  0,  0,  0,  0,  0,  0,  0,
   1,  0,  0,  0,  0,  0,  0],
 [ 0,  0,  0,  0,  0,  0,  0,  0,  4,  0,  0,  0,  0,  0,  0,  0,  0,  0,
   0,  0,  0,  0,  0,  0,  0],
 [ 0,  0,  0,  0,  0,  0,  0,  0,  0,  3,  0,  0,  0,  0,  0,  0,  0,  0,
   0,  0,  0,  0,  0,  0,  0],
 [ 1,  0,  0,  0,  0,  0,  0,  0,  0,  0,  2,  0,  0,  0,  0,  0,  0,  0,
   0,  0,  0,  0,  0,  0,  0],
 [ 1,  0,  1,  0,  0,  0,  0,  0,  0,  0,  0,  0,  0,  0,  0,  0,  0,  0,
   0,  0,  0,  0,  0,  0,  0],
 [ 1,  0,  0,  0,  0,  0,  0,  1,  0,  0,  0,  0,  0,  0,  0,  0,  0,  0,
   0,  0,  0,  0,  0,  0,  0],
 [ 0,  0,  0,  0,  0,  0,  0,  0,  0,  0,  0,  0,  0,  2,  0,  0,  0,  0,
   0,  0,  0,  0,  0,  0,  0],
 [ 0,  1,  0,  0,  0,  0,  0,  0,  0,  0,  0,  0,  0,  0,  0,  0,  0,  0,
   0,  0,  0,  0,  0,  0,  0],
 [ 0,  1,  0,  0,  0,  0,  0,  0,  0,  0,  0,  0,  0,  0,  0,  0,  0,  0,
   0,  0,  0,  0,  0,  0,  0],
 [ 0,  0,  0,  0,  0,  0,  0,  0,  0,  0,  0,  0,  0,  0,  0,  0,  1,  0,
   0,  0,  0,  0,  0,  0,  0],
 [ 0,  0,  0,  1,  0,  0,  0,  0,  0,  0,  0,  0,  0,  0,  0,  0,  0,  0,
   0,  0,  0,  0,  0,  0,  0],
 [ 0,  0,  1,  0,  0,  0,  0,  0,  0,  0,  0,  0,  0,  0,  0,  0,  0,  0,
   0,  0,  0,  0,  0,  0,  0],
 [ 0,  0,  0,  0,  0,  0,  0,  0,  0,  0,  0,  0,  0,  0,  0,  0,  0,  0,
   0,  1,  0,  0,  0,  0,  0],
 [ 0,  0,  1,  0,  0,  0,  0,  0,  0,  0,  0,  0,  0,  0,  0,  0,  0,  0,
   0,  0,  0,  0,  0,  0,  0],
 [ 0,  1,  0,  0,  0,  0,  0,  0,  0,  0,  0,  0,  0,  0,  0,  0,  0,  0,
   0,  0,  0,  0,  0,  0,  0],
 [ 0,  0,  1,  0,  0,  0,  0,  0,  0,  0,  0,  0,  0,  0,  0,  0,  0,  0,
   0,  0,  0,  0,  0,  0,  0],
 [ 1,  0,  0,  0,  0,  0,  0,  0,  0,  0,  0,  0,  0,  0,  0,  0,  0,  0,
   0,  0,  0,  0,  0,  0,  0],
 [ 0,  0,  0,  0,  0,  0,  0,  0,  0,  0,  0,  1,  0,  0,  0,  0,  0,  0,
   0,  0,  0,  0,  0,  0,  0]]
40	0	0.7119	0.7241	0.7179	0.6593
40	1	0.6667	0.6383	0.6522	0.6593
40	2	0.5745	0.6429	0.6067	0.6593
40	3	0.6364	0.5385	0.5833	0.6593
40	4	0.8333	0.8333	0.8333	0.6593
40	5	0.7857	1.0000	0.8800	0.6593
40	6	0.7500	0.6000	0.6667	0.6593
40	7	0.4286	0.5000	0.4615	0.6593
40	8	1.0000	0.7500	0.8571	0.6593
40	9	0.5000	0.6667	0.5714	0.6593
40	10	0.6667	0.6667	0.6667	0.6593
40	11	0.3333	0.5000	0.4000	0.6593
40	12	0.0000	0.0000	0.0000	0.6593
40	13	0.6667	1.0000	0.8000	0.6593
40	14	0.0000	0.0000	0.0000	0.6593
40	15	1.0000	1.0000	1.0000	0.6593
40	16	0.5000	1.0000	0.6667	0.6593
40	17	0.0000	0.0000	0.0000	0.6593
40	18	0.0000	0.0000	0.0000	0.6593
40	19	1.0000	1.0000	1.0000	0.6593
40	20	0.0000	0.0000	0.0000	0.6593
40	21	0.0000	0.0000	0.0000	0.6593
40	22	0.0000	0.0000	0.0000	0.6593
40	23	0.0000	0.0000	0.0000	0.6593
40	24	0.0000	0.0000	0.0000	0.6593

Confusion Matrix for Seed 40:
[[42,  5,  9,  0,  0,  0,  1,  0,  0,  0,  0,  1,  0,  0,  0,  0,  0,  0,
   0,  0,  0,  0,  0,  0,  0],
 [ 7, 30,  5,  0,  1,  1,  1,  1,  0,  0,  0,  0,  0,  1,  0,  0,  0,  0,
   0,  0,  0,  0,  0,  0,  0],
 [ 5,  6, 27,  2,  0,  0,  0,  1,  0,  0,  1,  0,  0,  0,  0,  0,  0,  0,
   0,  0,  0,  0,  0,  0,  0],
 [ 1,  2,  1,  7,  0,  0,  0,  0,  0,  0,  0,  0,  0,  0,  0,  0,  0,  0,
   0,  0,  0,  2,  0,  0,  0],
 [ 0,  0,  0,  0, 10,  0,  0,  1,  0,  1,  0,  0,  0,  0,  0,  0,  0,  0,
   0,  0,  0,  0,  0,  0,  0],
 [ 0,  0,  0,  0,  0, 11,  0,  0,  0,  0,  0,  0,  0,  0,  0,  0,  0,  0,
   0,  0,  0,  0,  0,  0,  0],
 [ 2,  0,  0,  1,  0,  1,  6,  0,  0,  0,  0,  0,  0,  0,  0,  0,  0,  0,
   0,  0,  0,  0,  0,  0,  0],
 [ 1,  0,  0,  0,  1,  0,  0,  3,  0,  0,  0,  0,  0,  0,  0,  0,  0,  0,
   1,  0,  0,  0,  0,  0,  0],
 [ 0,  0,  0,  0,  0,  0,  0,  0,  3,  1,  0,  0,  0,  0,  0,  0,  0,  0,
   0,  0,  0,  0,  0,  0,  0],
 [ 0,  0,  0,  0,  0,  0,  0,  1,  0,  2,  0,  0,  0,  0,  0,  0,  0,  0,
   0,  0,  0,  0,  0,  0,  0],
 [ 0,  0,  1,  0,  0,  0,  0,  0,  0,  0,  2,  0,  0,  0,  0,  0,  0,  0,
   0,  0,  0,  0,  0,  0,  0],
 [ 1,  0,  0,  0,  0,  0,  0,  0,  0,  0,  0,  1,  0,  0,  0,  0,  0,  0,
   0,  0,  0,  0,  0,  0,  0],
 [ 0,  0,  0,  0,  0,  1,  0,  0,  0,  0,  0,  0,  0,  0,  0,  0,  1,  0,
   0,  0,  0,  0,  0,  0,  0],
 [ 0,  0,  0,  0,  0,  0,  0,  0,  0,  0,  0,  0,  0,  2,  0,  0,  0,  0,
   0,  0,  0,  0,  0,  0,  0],
 [ 0,  0,  1,  0,  0,  0,  0,  0,  0,  0,  0,  0,  0,  0,  0,  0,  0,  0,
   0,  0,  0,  0,  0,  0,  0],
 [ 0,  0,  0,  0,  0,  0,  0,  0,  0,  0,  0,  0,  0,  0,  0,  1,  0,  0,
   0,  0,  0,  0,  0,  0,  0],
 [ 0,  0,  0,  0,  0,  0,  0,  0,  0,  0,  0,  0,  0,  0,  0,  0,  1,  0,
   0,  0,  0,  0,  0,  0,  0],
 [ 0,  0,  0,  1,  0,  0,  0,  0,  0,  0,  0,  0,  0,  0,  0,  0,  0,  0,
   0,  0,  0,  0,  0,  0,  0],
 [ 0,  0,  1,  0,  0,  0,  0,  0,  0,  0,  0,  0,  0,  0,  0,  0,  0,  0,
   0,  0,  0,  0,  0,  0,  0],
 [ 0,  0,  0,  0,  0,  0,  0,  0,  0,  0,  0,  0,  0,  0,  0,  0,  0,  0,
   0,  1,  0,  0,  0,  0,  0],
 [ 0,  0,  1,  0,  0,  0,  0,  0,  0,  0,  0,  0,  0,  0,  0,  0,  0,  0,
   0,  0,  0,  0,  0,  0,  0],
 [ 0,  1,  0,  0,  0,  0,  0,  0,  0,  0,  0,  0,  0,  0,  0,  0,  0,  0,
   0,  0,  0,  0,  0,  0,  0],
 [ 0,  0,  1,  0,  0,  0,  0,  0,  0,  0,  0,  0,  0,  0,  0,  0,  0,  0,
   0,  0,  0,  0,  0,  0,  0],
 [ 0,  1,  0,  0,  0,  0,  0,  0,  0,  0,  0,  0,  0,  0,  0,  0,  0,  0,
   0,  0,  0,  0,  0,  0,  0],
 [ 0,  0,  0,  0,  0,  0,  0,  0,  0,  0,  0,  1,  0,  0,  0,  0,  0,  0,
   0,  0,  0,  0,  0,  0,  0]]
