Seed	Label	Precision	Recall	F1	Accuracy
2	0	0.9125	0.9125	0.9125	0.9001
2	1	0.9106	0.8550	0.8819	0.9001
2	2	0.8852	0.9474	0.9153	0.9001
2	3	0.9048	0.9500	0.9268	0.9001
2	4	0.9113	0.9585	0.9343	0.9001
2	5	0.8889	0.9412	0.9143	0.9001
2	6	1.0000	1.0000	1.0000	0.9001
2	7	0.9167	0.8919	0.9041	0.9001
2	8	1.0000	0.8889	0.9412	0.9001
2	9	0.5714	0.5714	0.5714	0.9001
2	10	0.9167	0.8462	0.8800	0.9001
2	11	0.8750	0.5833	0.7000	0.9001
2	12	0.5714	0.8000	0.6667	0.9001
2	13	0.0000	0.0000	0.0000	0.9001
2	14	0.0000	0.0000	0.0000	0.9001
2	15	0.9444	0.8947	0.9189	0.9001
2	16	0.8182	0.9000	0.8571	0.9001
2	17	0.5000	1.0000	0.6667	0.9001
2	18	1.0000	0.3333	0.5000	0.9001
2	19	1.0000	0.6667	0.8000	0.9001
2	20	0.0000	0.0000	0.0000	0.9001
2	21	1.0000	1.0000	1.0000	0.9001
2	22	0.0000	0.0000	0.0000	0.9001
2	23	0.0000	0.0000	0.0000	0.9001
2	24	0.0000	0.0000	0.0000	0.9001

Confusion Matrix for Seed 2:
[[ 73,   2,   0,   1,   3,   0,   0,   0,   0,   0,   0,   1,   0,   0,
    0,   0,   0,   0,   0,   0,   0,   0],
 [  1, 112,   4,   2,   8,   0,   0,   2,   0,   0,   0,   0,   1,   0,
    0,   0,   0,   1,   0,   0,   0,   0],
 [  0,   0,  54,   1,   1,   0,   0,   0,   0,   0,   1,   0,   0,   0,
    0,   0,   0,   0,   0,   0,   0,   0],
 [  3,   0,   0,  57,   0,   0,   0,   0,   0,   0,   0,   0,   0,   0,
    0,   0,   0,   0,   0,   0,   0,   0],
 [  0,   4,   2,   0, 185,   0,   0,   0,   0,   1,   0,   0,   0,   0,
    1,   0,   0,   0,   0,   0,   0,   0],
 [  0,   0,   0,   0,   0,  16,   0,   0,   0,   0,   0,   0,   1,   0,
    0,   0,   0,   0,   0,   0,   0,   0],
 [  0,   0,   0,   0,   0,   0,   1,   0,   0,   0,   0,   0,   0,   0,
    0,   0,   0,   0,   0,   0,   0,   0],
 [  0,   0,   1,   1,   1,   0,   0,  33,   0,   1,   0,   0,   0,   0,
    0,   0,   0,   0,   0,   0,   0,   0],
 [  1,   0,   0,   0,   1,   0,   0,   0,  16,   0,   0,   0,   0,   0,
    0,   0,   0,   0,   0,   0,   0,   0],
 [  1,   0,   0,   0,   2,   0,   0,   0,   0,   4,   0,   0,   0,   0,
    0,   0,   0,   0,   0,   0,   0,   0],
 [  0,   0,   0,   1,   1,   0,   0,   0,   0,   0,  11,   0,   0,   0,
    0,   0,   0,   0,   0,   0,   0,   0],
 [  1,   2,   0,   0,   0,   1,   0,   0,   0,   0,   0,   7,   1,   0,
    0,   0,   0,   0,   0,   0,   0,   0],
 [  0,   0,   0,   0,   0,   0,   0,   0,   0,   0,   0,   0,   4,   0,
    0,   0,   1,   0,   0,   0,   0,   0],
 [  0,   0,   0,   0,   0,   0,   0,   1,   0,   0,   0,   0,   0,   0,
    0,   0,   0,   0,   0,   0,   0,   0],
 [  0,   1,   0,   0,   0,   0,   0,   0,   0,   0,   0,   0,   0,   0,
    0,   0,   0,   0,   0,   0,   0,   0],
 [  0,   0,   0,   0,   1,   1,   0,   0,   0,   0,   0,   0,   0,   0,
    0,  17,   0,   0,   0,   0,   0,   0],
 [  0,   1,   0,   0,   0,   0,   0,   0,   0,   0,   0,   0,   0,   0,
    0,   0,   9,   0,   0,   0,   0,   0],
 [  0,   0,   0,   0,   0,   0,   0,   0,   0,   0,   0,   0,   0,   0,
    0,   0,   0,   1,   0,   0,   0,   0],
 [  0,   1,   0,   0,   0,   0,   0,   0,   0,   0,   0,   0,   0,   0,
    0,   1,   0,   0,   1,   0,   0,   0],
 [  0,   0,   0,   0,   0,   0,   0,   0,   0,   0,   0,   0,   0,   0,
    0,   0,   1,   0,   0,   2,   0,   0],
 [  0,   0,   0,   0,   0,   0,   0,   0,   0,   1,   0,   0,   0,   0,
    0,   0,   0,   0,   0,   0,   0,   0],
 [  0,   0,   0,   0,   0,   0,   0,   0,   0,   0,   0,   0,   0,   0,
    0,   0,   0,   0,   0,   0,   0,   1]]
4	0	0.8721	0.9375	0.9036	0.9016
4	1	0.8760	0.8626	0.8692	0.9016
4	2	0.9273	0.8947	0.9107	0.9016
4	3	0.8308	0.9000	0.8640	0.9016
4	4	0.9583	0.9534	0.9558	0.9016
4	5	0.8000	0.9412	0.8649	0.9016
4	6	0.3333	1.0000	0.5000	0.9016
4	7	0.8919	0.8919	0.8919	0.9016
4	8	1.0000	0.9444	0.9714	0.9016
4	9	0.8571	0.8571	0.8571	0.9016
4	10	1.0000	0.8462	0.9167	0.9016
4	11	0.9167	0.9167	0.9167	0.9016
4	12	1.0000	0.4000	0.5714	0.9016
4	13	0.0000	0.0000	0.0000	0.9016
4	14	0.0000	0.0000	0.0000	0.9016
4	15	0.8750	0.7368	0.8000	0.9016
4	16	0.8333	1.0000	0.9091	0.9016
4	17	0.0000	0.0000	0.0000	0.9016
4	18	1.0000	1.0000	1.0000	0.9016
4	19	1.0000	1.0000	1.0000	0.9016
4	20	0.0000	0.0000	0.0000	0.9016
4	21	1.0000	1.0000	1.0000	0.9016
4	22	0.0000	0.0000	0.0000	0.9016
4	23	0.0000	0.0000	0.0000	0.9016
4	24	0.0000	0.0000	0.0000	0.9016

Confusion Matrix for Seed 4:
[[ 75,   3,   0,   0,   1,   0,   0,   1,   0,   0,   0,   0,   0,   0,
    0,   0,   0,   0,   0,   0,   0,   0],
 [  6, 113,   2,   7,   2,   0,   1,   0,   0,   0,   0,   0,   0,   0,
    0,   0,   0,   0,   0,   0,   0,   0],
 [  0,   2,  51,   0,   2,   0,   0,   1,   0,   0,   0,   0,   0,   0,
    0,   1,   0,   0,   0,   0,   0,   0],
 [  2,   2,   0,  54,   1,   0,   0,   1,   0,   0,   0,   0,   0,   0,
    0,   0,   0,   0,   0,   0,   0,   0],
 [  1,   6,   1,   0, 184,   0,   0,   0,   0,   1,   0,   0,   0,   0,
    0,   0,   0,   0,   0,   0,   0,   0],
 [  0,   0,   0,   0,   0,  16,   1,   0,   0,   0,   0,   0,   0,   0,
    0,   0,   0,   0,   0,   0,   0,   0],
 [  0,   0,   0,   0,   0,   0,   1,   0,   0,   0,   0,   0,   0,   0,
    0,   0,   0,   0,   0,   0,   0,   0],
 [  0,   0,   0,   2,   0,   0,   0,  33,   0,   0,   0,   1,   0,   0,
    0,   1,   0,   0,   0,   0,   0,   0],
 [  0,   0,   0,   1,   0,   0,   0,   0,  17,   0,   0,   0,   0,   0,
    0,   0,   0,   0,   0,   0,   0,   0],
 [  0,   0,   0,   0,   1,   0,   0,   0,   0,   6,   0,   0,   0,   0,
    0,   0,   0,   0,   0,   0,   0,   0],
 [  0,   1,   0,   0,   0,   0,   0,   0,   0,   0,  11,   0,   0,   0,
    0,   0,   1,   0,   0,   0,   0,   0],
 [  1,   0,   0,   0,   0,   0,   0,   0,   0,   0,   0,  11,   0,   0,
    0,   0,   0,   0,   0,   0,   0,   0],
 [  0,   0,   0,   0,   0,   2,   0,   0,   0,   0,   0,   0,   2,   0,
    0,   0,   1,   0,   0,   0,   0,   0],
 [  0,   1,   0,   0,   0,   0,   0,   0,   0,   0,   0,   0,   0,   0,
    0,   0,   0,   0,   0,   0,   0,   0],
 [  0,   0,   0,   1,   0,   0,   0,   0,   0,   0,   0,   0,   0,   0,
    0,   0,   0,   0,   0,   0,   0,   0],
 [  1,   1,   0,   0,   1,   2,   0,   0,   0,   0,   0,   0,   0,   0,
    0,  14,   0,   0,   0,   0,   0,   0],
 [  0,   0,   0,   0,   0,   0,   0,   0,   0,   0,   0,   0,   0,   0,
    0,   0,  10,   0,   0,   0,   0,   0],
 [  0,   0,   0,   0,   0,   0,   0,   1,   0,   0,   0,   0,   0,   0,
    0,   0,   0,   0,   0,   0,   0,   0],
 [  0,   0,   0,   0,   0,   0,   0,   0,   0,   0,   0,   0,   0,   0,
    0,   0,   0,   0,   3,   0,   0,   0],
 [  0,   0,   0,   0,   0,   0,   0,   0,   0,   0,   0,   0,   0,   0,
    0,   0,   0,   0,   0,   3,   0,   0],
 [  0,   0,   1,   0,   0,   0,   0,   0,   0,   0,   0,   0,   0,   0,
    0,   0,   0,   0,   0,   0,   0,   0],
 [  0,   0,   0,   0,   0,   0,   0,   0,   0,   0,   0,   0,   0,   0,
    0,   0,   0,   0,   0,   0,   0,   1]]
6	0	0.9383	0.9500	0.9441	0.8957
6	1	0.8880	0.8473	0.8672	0.8957
6	2	0.8545	0.8246	0.8393	0.8957
6	3	0.8615	0.9333	0.8960	0.8957
6	4	0.9104	0.9482	0.9289	0.8957
6	5	0.9412	0.9412	0.9412	0.8957
6	6	1.0000	1.0000	1.0000	0.8957
6	7	0.9688	0.8378	0.8986	0.8957
6	8	1.0000	0.9444	0.9714	0.8957
6	9	0.6667	0.5714	0.6154	0.8957
6	10	0.8571	0.9231	0.8889	0.8957
6	11	1.0000	1.0000	1.0000	0.8957
6	12	0.8000	0.8000	0.8000	0.8957
6	13	0.0000	0.0000	0.0000	0.8957
6	14	0.0000	0.0000	0.0000	0.8957
6	15	0.7273	0.8421	0.7805	0.8957
6	16	0.8182	0.9000	0.8571	0.8957
6	17	0.0000	0.0000	0.0000	0.8957
6	18	1.0000	1.0000	1.0000	0.8957
6	19	1.0000	0.6667	0.8000	0.8957
6	20	0.0000	0.0000	0.0000	0.8957
6	21	1.0000	1.0000	1.0000	0.8957
6	22	0.0000	0.0000	0.0000	0.8957
6	23	0.0000	0.0000	0.0000	0.8957
6	24	0.0000	0.0000	0.0000	0.8957

Confusion Matrix for Seed 6:
[[ 76,   3,   0,   1,   0,   0,   0,   0,   0,   0,   0,   0,   0,   0,
    0,   0,   0,   0,   0,   0,   0,   0],
 [  3, 111,   2,   2,   9,   0,   0,   0,   0,   0,   1,   0,   0,   0,
    0,   2,   0,   1,   0,   0,   0,   0],
 [  1,   0,  47,   0,   6,   0,   0,   0,   0,   0,   0,   0,   0,   0,
    0,   3,   0,   0,   0,   0,   0,   0],
 [  1,   1,   0,  56,   0,   0,   0,   0,   0,   0,   0,   0,   0,   0,
    0,   0,   2,   0,   0,   0,   0,   0],
 [  0,   7,   0,   2, 183,   0,   0,   0,   0,   1,   0,   0,   0,   0,
    0,   0,   0,   0,   0,   0,   0,   0],
 [  0,   0,   0,   0,   0,  16,   0,   0,   0,   0,   0,   0,   1,   0,
    0,   0,   0,   0,   0,   0,   0,   0],
 [  0,   0,   0,   0,   0,   0,   1,   0,   0,   0,   0,   0,   0,   0,
    0,   0,   0,   0,   0,   0,   0,   0],
 [  0,   1,   1,   3,   0,   0,   0,  31,   0,   0,   0,   0,   0,   0,
    0,   1,   0,   0,   0,   0,   0,   0],
 [  0,   0,   0,   1,   0,   0,   0,   0,  17,   0,   0,   0,   0,   0,
    0,   0,   0,   0,   0,   0,   0,   0],
 [  0,   0,   0,   0,   2,   0,   0,   0,   0,   4,   1,   0,   0,   0,
    0,   0,   0,   0,   0,   0,   0,   0],
 [  0,   0,   1,   0,   0,   0,   0,   0,   0,   0,  12,   0,   0,   0,
    0,   0,   0,   0,   0,   0,   0,   0],
 [  0,   0,   0,   0,   0,   0,   0,   0,   0,   0,   0,  12,   0,   0,
    0,   0,   0,   0,   0,   0,   0,   0],
 [  0,   0,   0,   0,   0,   1,   0,   0,   0,   0,   0,   0,   4,   0,
    0,   0,   0,   0,   0,   0,   0,   0],
 [  0,   0,   1,   0,   0,   0,   0,   0,   0,   0,   0,   0,   0,   0,
    0,   0,   0,   0,   0,   0,   0,   0],
 [  0,   1,   0,   0,   0,   0,   0,   0,   0,   0,   0,   0,   0,   0,
    0,   0,   0,   0,   0,   0,   0,   0],
 [  0,   0,   2,   0,   1,   0,   0,   0,   0,   0,   0,   0,   0,   0,
    0,  16,   0,   0,   0,   0,   0,   0],
 [  0,   1,   0,   0,   0,   0,   0,   0,   0,   0,   0,   0,   0,   0,
    0,   0,   9,   0,   0,   0,   0,   0],
 [  0,   0,   0,   0,   0,   0,   0,   1,   0,   0,   0,   0,   0,   0,
    0,   0,   0,   0,   0,   0,   0,   0],
 [  0,   0,   0,   0,   0,   0,   0,   0,   0,   0,   0,   0,   0,   0,
    0,   0,   0,   0,   3,   0,   0,   0],
 [  0,   0,   0,   0,   0,   0,   0,   0,   0,   1,   0,   0,   0,   0,
    0,   0,   0,   0,   0,   2,   0,   0],
 [  0,   0,   1,   0,   0,   0,   0,   0,   0,   0,   0,   0,   0,   0,
    0,   0,   0,   0,   0,   0,   0,   0],
 [  0,   0,   0,   0,   0,   0,   0,   0,   0,   0,   0,   0,   0,   0,
    0,   0,   0,   0,   0,   0,   0,   1]]
8	0	0.9333	0.8750	0.9032	0.8793
8	1	0.9084	0.9084	0.9084	0.8793
8	2	0.8226	0.8947	0.8571	0.8793
8	3	0.8103	0.7833	0.7966	0.8793
8	4	0.9196	0.9482	0.9337	0.8793
8	5	0.8667	0.7647	0.8125	0.8793
8	6	0.5000	1.0000	0.6667	0.8793
8	7	0.8649	0.8649	0.8649	0.8793
8	8	0.8571	1.0000	0.9231	0.8793
8	9	0.4286	0.4286	0.4286	0.8793
8	10	1.0000	0.9231	0.9600	0.8793
8	11	0.9000	0.7500	0.8182	0.8793
8	12	0.5000	0.8000	0.6154	0.8793
8	13	0.0000	0.0000	0.0000	0.8793
8	14	0.0000	0.0000	0.0000	0.8793
8	15	0.8333	0.7895	0.8108	0.8793
8	16	0.8333	1.0000	0.9091	0.8793
8	17	0.0000	0.0000	0.0000	0.8793
8	18	1.0000	0.3333	0.5000	0.8793
8	19	1.0000	0.6667	0.8000	0.8793
8	20	0.0000	0.0000	0.0000	0.8793
8	21	0.0000	0.0000	0.0000	0.8793
8	22	0.0000	0.0000	0.0000	0.8793
8	23	0.0000	0.0000	0.0000	0.8793
8	24	0.0000	0.0000	0.0000	0.8793

Confusion Matrix for Seed 8:
[[ 70,   4,   2,   0,   2,   0,   1,   0,   0,   0,   0,   0,   0,   0,
    0,   1,   0,   0,   0,   0,   0,   0],
 [  3, 119,   0,   3,   5,   0,   0,   1,   0,   0,   0,   0,   0,   0,
    0,   0,   0,   0,   0,   0,   0,   0],
 [  0,   0,  51,   1,   3,   0,   0,   0,   0,   2,   0,   0,   0,   0,
    0,   0,   0,   0,   0,   0,   0,   0],
 [  1,   2,   0,  47,   1,   0,   0,   4,   3,   0,   0,   0,   1,   0,
    0,   1,   0,   0,   0,   0,   0,   0],
 [  1,   4,   2,   1, 183,   0,   0,   0,   0,   1,   0,   1,   0,   0,
    0,   0,   0,   0,   0,   0,   0,   0],
 [  0,   0,   0,   1,   0,  13,   0,   0,   0,   0,   0,   0,   3,   0,
    0,   0,   0,   0,   0,   0,   0,   0],
 [  0,   0,   0,   0,   0,   0,   1,   0,   0,   0,   0,   0,   0,   0,
    0,   0,   0,   0,   0,   0,   0,   0],
 [  0,   0,   1,   3,   1,   0,   0,  32,   0,   0,   0,   0,   0,   0,
    0,   0,   0,   0,   0,   0,   0,   0],
 [  0,   0,   0,   0,   0,   0,   0,   0,  18,   0,   0,   0,   0,   0,
    0,   0,   0,   0,   0,   0,   0,   0],
 [  0,   0,   1,   0,   3,   0,   0,   0,   0,   3,   0,   0,   0,   0,
    0,   0,   0,   0,   0,   0,   0,   0],
 [  0,   0,   0,   0,   0,   0,   0,   0,   0,   0,  12,   0,   0,   0,
    0,   1,   0,   0,   0,   0,   0,   0],
 [  0,   2,   1,   0,   0,   0,   0,   0,   0,   0,   0,   9,   0,   0,
    0,   0,   0,   0,   0,   0,   0,   0],
 [  0,   0,   0,   0,   0,   0,   0,   0,   0,   0,   0,   0,   4,   0,
    0,   0,   1,   0,   0,   0,   0,   0],
 [  0,   0,   1,   0,   0,   0,   0,   0,   0,   0,   0,   0,   0,   0,
    0,   0,   0,   0,   0,   0,   0,   0],
 [  0,   0,   0,   1,   0,   0,   0,   0,   0,   0,   0,   0,   0,   0,
    0,   0,   0,   0,   0,   0,   0,   0],
 [  0,   0,   1,   0,   1,   2,   0,   0,   0,   0,   0,   0,   0,   0,
    0,  15,   0,   0,   0,   0,   0,   0],
 [  0,   0,   0,   0,   0,   0,   0,   0,   0,   0,   0,   0,   0,   0,
    0,   0,  10,   0,   0,   0,   0,   0],
 [  0,   0,   0,   0,   0,   0,   0,   0,   0,   1,   0,   0,   0,   0,
    0,   0,   0,   0,   0,   0,   0,   0],
 [  0,   0,   1,   1,   0,   0,   0,   0,   0,   0,   0,   0,   0,   0,
    0,   0,   0,   0,   1,   0,   0,   0],
 [  0,   0,   0,   0,   0,   0,   0,   0,   0,   0,   0,   0,   0,   0,
    0,   0,   1,   0,   0,   2,   0,   0],
 [  0,   0,   0,   0,   0,   0,   0,   0,   0,   0,   0,   0,   0,   1,
    0,   0,   0,   0,   0,   0,   0,   0],
 [  0,   0,   1,   0,   0,   0,   0,   0,   0,   0,   0,   0,   0,   0,
    0,   0,   0,   0,   0,   0,   0,   0]]
10	0	0.9241	0.9125	0.9182	0.8882
10	1	0.8370	0.8626	0.8496	0.8882
10	2	0.8833	0.9298	0.9060	0.8882
10	3	0.8772	0.8333	0.8547	0.8882
10	4	0.9468	0.9223	0.9344	0.8882
10	5	1.0000	0.8824	0.9375	0.8882
10	6	1.0000	1.0000	1.0000	0.8882
10	7	0.8684	0.8919	0.8800	0.8882
10	8	1.0000	0.8333	0.9091	0.8882
10	9	0.7778	1.0000	0.8750	0.8882
10	10	0.9231	0.9231	0.9231	0.8882
10	11	1.0000	0.8333	0.9091	0.8882
10	12	0.7143	1.0000	0.8333	0.8882
10	13	0.0000	0.0000	0.0000	0.8882
10	14	1.0000	1.0000	1.0000	0.8882
10	15	0.6800	0.8947	0.7727	0.8882
10	16	0.6667	0.6000	0.6316	0.8882
10	17	1.0000	1.0000	1.0000	0.8882
10	18	0.6000	1.0000	0.7500	0.8882
10	19	1.0000	0.6667	0.8000	0.8882
10	20	0.0000	0.0000	0.0000	0.8882
10	21	1.0000	1.0000	1.0000	0.8882
10	22	0.0000	0.0000	0.0000	0.8882
10	23	0.0000	0.0000	0.0000	0.8882
10	24	0.0000	0.0000	0.0000	0.8882

Confusion Matrix for Seed 10:
[[ 73,   4,   0,   2,   0,   0,   0,   1,   0,   0,   0,   0,   0,   0,
    0,   0,   0,   0,   0,   0,   0,   0],
 [  2, 113,   2,   2,   8,   0,   0,   2,   0,   0,   0,   0,   0,   0,
    0,   2,   0,   0,   0,   0,   0,   0],
 [  0,   0,  53,   1,   0,   0,   0,   0,   0,   0,   1,   0,   0,   0,
    0,   0,   0,   0,   2,   0,   0,   0],
 [  1,   6,   0,  50,   0,   0,   0,   1,   0,   0,   0,   0,   0,   0,
    0,   2,   0,   0,   0,   0,   0,   0],
 [  0,   8,   4,   1, 178,   0,   0,   0,   0,   2,   0,   0,   0,   0,
    0,   0,   0,   0,   0,   0,   0,   0],
 [  0,   0,   0,   0,   0,  15,   0,   0,   0,   0,   0,   0,   0,   0,
    0,   1,   1,   0,   0,   0,   0,   0],
 [  0,   0,   0,   0,   0,   0,   1,   0,   0,   0,   0,   0,   0,   0,
    0,   0,   0,   0,   0,   0,   0,   0],
 [  0,   1,   0,   1,   0,   0,   0,  33,   0,   0,   0,   0,   0,   0,
    0,   2,   0,   0,   0,   0,   0,   0],
 [  1,   0,   0,   0,   2,   0,   0,   0,  15,   0,   0,   0,   0,   0,
    0,   0,   0,   0,   0,   0,   0,   0],
 [  0,   0,   0,   0,   0,   0,   0,   0,   0,   7,   0,   0,   0,   0,
    0,   0,   0,   0,   0,   0,   0,   0],
 [  0,   0,   0,   0,   0,   0,   0,   0,   0,   0,  12,   0,   0,   0,
    0,   0,   1,   0,   0,   0,   0,   0],
 [  1,   1,   0,   0,   0,   0,   0,   0,   0,   0,   0,  10,   0,   0,
    0,   0,   0,   0,   0,   0,   0,   0],
 [  0,   0,   0,   0,   0,   0,   0,   0,   0,   0,   0,   0,   5,   0,
    0,   0,   0,   0,   0,   0,   0,   0],
 [  0,   0,   1,   0,   0,   0,   0,   0,   0,   0,   0,   0,   0,   0,
    0,   0,   0,   0,   0,   0,   0,   0],
 [  0,   0,   0,   0,   0,   0,   0,   0,   0,   0,   0,   0,   0,   0,
    1,   0,   0,   0,   0,   0,   0,   0],
 [  1,   0,   0,   0,   0,   0,   0,   1,   0,   0,   0,   0,   0,   0,
    0,  17,   0,   0,   0,   0,   0,   0],
 [  0,   2,   0,   0,   0,   0,   0,   0,   0,   0,   0,   0,   2,   0,
    0,   0,   6,   0,   0,   0,   0,   0],
 [  0,   0,   0,   0,   0,   0,   0,   0,   0,   0,   0,   0,   0,   0,
    0,   0,   0,   1,   0,   0,   0,   0],
 [  0,   0,   0,   0,   0,   0,   0,   0,   0,   0,   0,   0,   0,   0,
    0,   0,   0,   0,   3,   0,   0,   0],
 [  0,   0,   0,   0,   0,   0,   0,   0,   0,   0,   0,   0,   0,   0,
    0,   0,   1,   0,   0,   2,   0,   0],
 [  0,   0,   0,   0,   0,   0,   0,   0,   0,   0,   0,   0,   0,   0,
    0,   1,   0,   0,   0,   0,   0,   0],
 [  0,   0,   0,   0,   0,   0,   0,   0,   0,   0,   0,   0,   0,   0,
    0,   0,   0,   0,   0,   0,   0,   1]]
12	0	0.8605	0.9250	0.8916	0.8867
12	1	0.9397	0.8321	0.8826	0.8867
12	2	0.8909	0.8596	0.8750	0.8867
12	3	0.8361	0.8500	0.8430	0.8867
12	4	0.9113	0.9585	0.9343	0.8867
12	5	0.7619	0.9412	0.8421	0.8867
12	6	1.0000	1.0000	1.0000	0.8867
12	7	0.8205	0.8649	0.8421	0.8867
12	8	1.0000	0.9444	0.9714	0.8867
12	9	0.5714	0.5714	0.5714	0.8867
12	10	1.0000	0.8462	0.9167	0.8867
12	11	0.8182	0.7500	0.7826	0.8867
12	12	0.6667	0.8000	0.7273	0.8867
12	13	0.0000	0.0000	0.0000	0.8867
12	14	1.0000	1.0000	1.0000	0.8867
12	15	0.8500	0.8947	0.8718	0.8867
12	16	1.0000	0.8000	0.8889	0.8867
12	17	1.0000	1.0000	1.0000	0.8867
12	18	1.0000	0.6667	0.8000	0.8867
12	19	1.0000	1.0000	1.0000	0.8867
12	20	0.0000	0.0000	0.0000	0.8867
12	21	1.0000	1.0000	1.0000	0.8867
12	22	0.0000	0.0000	0.0000	0.8867
12	23	0.0000	0.0000	0.0000	0.8867
12	24	0.0000	0.0000	0.0000	0.8867

Confusion Matrix for Seed 12:
[[ 74,   0,   3,   0,   0,   1,   0,   0,   0,   0,   0,   1,   0,   0,
    0,   1,   0,   0,   0,   0,   0,   0],
 [  7, 109,   0,   1,  12,   1,   0,   1,   0,   0,   0,   0,   0,   0,
    0,   0,   0,   0,   0,   0,   0,   0],
 [  0,   1,  49,   0,   4,   1,   0,   1,   0,   1,   0,   0,   0,   0,
    0,   0,   0,   0,   0,   0,   0,   0],
 [  2,   1,   0,  51,   1,   0,   0,   3,   0,   0,   0,   1,   0,   0,
    0,   1,   0,   0,   0,   0,   0,   0],
 [  0,   5,   0,   3, 185,   0,   0,   0,   0,   0,   0,   0,   0,   0,
    0,   0,   0,   0,   0,   0,   0,   0],
 [  0,   0,   0,   0,   0,  16,   0,   0,   0,   0,   0,   0,   1,   0,
    0,   0,   0,   0,   0,   0,   0,   0],
 [  0,   0,   0,   0,   0,   0,   1,   0,   0,   0,   0,   0,   0,   0,
    0,   0,   0,   0,   0,   0,   0,   0],
 [  1,   0,   1,   1,   0,   0,   0,  32,   0,   0,   0,   0,   0,   1,
    0,   1,   0,   0,   0,   0,   0,   0],
 [  0,   0,   0,   1,   0,   0,   0,   0,  17,   0,   0,   0,   0,   0,
    0,   0,   0,   0,   0,   0,   0,   0],
 [  0,   0,   0,   2,   0,   0,   0,   1,   0,   4,   0,   0,   0,   0,
    0,   0,   0,   0,   0,   0,   0,   0],
 [  0,   0,   0,   0,   0,   0,   0,   1,   0,   1,  11,   0,   0,   0,
    0,   0,   0,   0,   0,   0,   0,   0],
 [  1,   0,   1,   1,   0,   0,   0,   0,   0,   0,   0,   9,   0,   0,
    0,   0,   0,   0,   0,   0,   0,   0],
 [  0,   0,   0,   0,   0,   1,   0,   0,   0,   0,   0,   0,   4,   0,
    0,   0,   0,   0,   0,   0,   0,   0],
 [  0,   0,   0,   0,   0,   1,   0,   0,   0,   0,   0,   0,   0,   0,
    0,   0,   0,   0,   0,   0,   0,   0],
 [  0,   0,   0,   0,   0,   0,   0,   0,   0,   0,   0,   0,   0,   0,
    1,   0,   0,   0,   0,   0,   0,   0],
 [  1,   0,   0,   0,   0,   0,   0,   0,   0,   0,   0,   0,   1,   0,
    0,  17,   0,   0,   0,   0,   0,   0],
 [  0,   0,   0,   1,   1,   0,   0,   0,   0,   0,   0,   0,   0,   0,
    0,   0,   8,   0,   0,   0,   0,   0],
 [  0,   0,   0,   0,   0,   0,   0,   0,   0,   0,   0,   0,   0,   0,
    0,   0,   0,   1,   0,   0,   0,   0],
 [  0,   0,   1,   0,   0,   0,   0,   0,   0,   0,   0,   0,   0,   0,
    0,   0,   0,   0,   2,   0,   0,   0],
 [  0,   0,   0,   0,   0,   0,   0,   0,   0,   0,   0,   0,   0,   0,
    0,   0,   0,   0,   0,   3,   0,   0],
 [  0,   0,   0,   0,   0,   0,   0,   0,   0,   1,   0,   0,   0,   0,
    0,   0,   0,   0,   0,   0,   0,   0],
 [  0,   0,   0,   0,   0,   0,   0,   0,   0,   0,   0,   0,   0,   0,
    0,   0,   0,   0,   0,   0,   0,   1]]
14	0	0.9157	0.9500	0.9325	0.9031
14	1	0.9268	0.8702	0.8976	0.9031
14	2	0.8667	0.9123	0.8889	0.9031
14	3	0.9000	0.9000	0.9000	0.9031
14	4	0.9343	0.9585	0.9463	0.9031
14	5	0.8824	0.8824	0.8824	0.9031
14	6	0.0000	0.0000	0.0000	0.9031
14	7	0.9412	0.8649	0.9014	0.9031
14	8	1.0000	0.8889	0.9412	0.9031
14	9	0.7143	0.7143	0.7143	0.9031
14	10	0.8667	1.0000	0.9286	0.9031
14	11	0.8462	0.9167	0.8800	0.9031
14	12	0.4444	0.8000	0.5714	0.9031
14	13	0.0000	0.0000	0.0000	0.9031
14	14	1.0000	1.0000	1.0000	0.9031
14	15	0.7647	0.6842	0.7222	0.9031
14	16	0.9091	1.0000	0.9524	0.9031
14	17	0.0000	0.0000	0.0000	0.9031
14	18	1.0000	1.0000	1.0000	0.9031
14	19	1.0000	0.6667	0.8000	0.9031
14	20	0.0000	0.0000	0.0000	0.9031
14	21	0.0000	0.0000	0.0000	0.9031
14	22	0.0000	0.0000	0.0000	0.9031
14	23	0.0000	0.0000	0.0000	0.9031
14	24	0.0000	0.0000	0.0000	0.9031

Confusion Matrix for Seed 14:
[[ 76,   0,   0,   1,   0,   0,   1,   0,   0,   0,   0,   2,   0,   0,
    0,   0,   0,   0,   0,   0,   0,   0],
 [  2, 114,   5,   1,   6,   0,   0,   2,   0,   0,   0,   0,   0,   0,
    0,   1,   0,   0,   0,   0,   0,   0],
 [  0,   0,  52,   1,   3,   1,   0,   0,   0,   0,   0,   0,   0,   0,
    0,   0,   0,   0,   0,   0,   0,   0],
 [  1,   1,   0,  54,   1,   0,   0,   0,   0,   0,   0,   0,   2,   0,
    0,   0,   1,   0,   0,   0,   0,   0],
 [  0,   3,   2,   1, 185,   0,   0,   0,   0,   2,   0,   0,   0,   0,
    0,   0,   0,   0,   0,   0,   0,   0],
 [  0,   0,   0,   0,   0,  15,   0,   0,   0,   0,   0,   0,   2,   0,
    0,   0,   0,   0,   0,   0,   0,   0],
 [  0,   0,   0,   0,   0,   1,   0,   0,   0,   0,   0,   0,   0,   0,
    0,   0,   0,   0,   0,   0,   0,   0],
 [  1,   0,   0,   1,   0,   0,   0,  32,   0,   0,   1,   0,   0,   0,
    0,   2,   0,   0,   0,   0,   0,   0],
 [  0,   0,   0,   0,   1,   0,   0,   0,  16,   0,   0,   0,   0,   0,
    0,   1,   0,   0,   0,   0,   0,   0],
 [  0,   1,   0,   0,   0,   0,   0,   0,   0,   5,   1,   0,   0,   0,
    0,   0,   0,   0,   0,   0,   0,   0],
 [  0,   0,   0,   0,   0,   0,   0,   0,   0,   0,  13,   0,   0,   0,
    0,   0,   0,   0,   0,   0,   0,   0],
 [  1,   0,   0,   0,   0,   0,   0,   0,   0,   0,   0,  11,   0,   0,
    0,   0,   0,   0,   0,   0,   0,   0],
 [  0,   1,   0,   0,   0,   0,   0,   0,   0,   0,   0,   0,   4,   0,
    0,   0,   0,   0,   0,   0,   0,   0],
 [  0,   0,   1,   0,   0,   0,   0,   0,   0,   0,   0,   0,   0,   0,
    0,   0,   0,   0,   0,   0,   0,   0],
 [  0,   0,   0,   0,   0,   0,   0,   0,   0,   0,   0,   0,   0,   0,
    1,   0,   0,   0,   0,   0,   0,   0],
 [  1,   3,   0,   0,   2,   0,   0,   0,   0,   0,   0,   0,   0,   0,
    0,  13,   0,   0,   0,   0,   0,   0],
 [  0,   0,   0,   0,   0,   0,   0,   0,   0,   0,   0,   0,   0,   0,
    0,   0,  10,   0,   0,   0,   0,   0],
 [  0,   0,   0,   1,   0,   0,   0,   0,   0,   0,   0,   0,   0,   0,
    0,   0,   0,   0,   0,   0,   0,   0],
 [  0,   0,   0,   0,   0,   0,   0,   0,   0,   0,   0,   0,   0,   0,
    0,   0,   0,   0,   3,   0,   0,   0],
 [  0,   0,   0,   0,   0,   0,   0,   0,   0,   0,   0,   0,   1,   0,
    0,   0,   0,   0,   0,   2,   0,   0],
 [  0,   0,   0,   0,   0,   0,   0,   0,   0,   0,   0,   0,   0,   1,
    0,   0,   0,   0,   0,   0,   0,   0],
 [  1,   0,   0,   0,   0,   0,   0,   0,   0,   0,   0,   0,   0,   0,
    0,   0,   0,   0,   0,   0,   0,   0]]
16	0	0.9589	0.8750	0.9150	0.8733
16	1	0.8346	0.8092	0.8217	0.8733
16	2	0.8333	0.8772	0.8547	0.8733
16	3	0.8727	0.8000	0.8348	0.8733
16	4	0.9368	0.9223	0.9295	0.8733
16	5	0.8500	1.0000	0.9189	0.8733
16	6	1.0000	1.0000	1.0000	0.8733
16	7	0.8571	0.9730	0.9114	0.8733
16	8	0.8571	1.0000	0.9231	0.8733
16	9	0.8333	0.7143	0.7692	0.8733
16	10	0.8462	0.8462	0.8462	0.8733
16	11	0.9167	0.9167	0.9167	0.8733
16	12	0.7500	0.6000	0.6667	0.8733
16	13	0.0000	0.0000	0.0000	0.8733
16	14	0.0000	0.0000	0.0000	0.8733
16	15	0.6667	0.9474	0.7826	0.8733
16	16	0.7500	0.9000	0.8182	0.8733
16	17	0.0000	0.0000	0.0000	0.8733
16	18	0.6667	0.6667	0.6667	0.8733
16	19	1.0000	0.6667	0.8000	0.8733
16	20	0.0000	0.0000	0.0000	0.8733
16	21	1.0000	1.0000	1.0000	0.8733
16	22	0.0000	0.0000	0.0000	0.8733
16	23	0.0000	0.0000	0.0000	0.8733
16	24	0.0000	0.0000	0.0000	0.8733

Confusion Matrix for Seed 16:
[[ 70,   4,   0,   1,   1,   0,   0,   0,   0,   0,   1,   1,   0,   0,
    0,   1,   0,   0,   1,   0,   0,   0],
 [  2, 106,   5,   2,   7,   0,   0,   2,   1,   0,   0,   0,   0,   0,
    0,   4,   2,   0,   0,   0,   0,   0],
 [  1,   0,  50,   0,   2,   0,   0,   3,   1,   0,   0,   0,   0,   0,
    0,   0,   0,   0,   0,   0,   0,   0],
 [  0,   8,   1,  48,   1,   0,   0,   1,   0,   0,   0,   0,   0,   0,
    0,   1,   0,   0,   0,   0,   0,   0],
 [  0,   6,   3,   2, 178,   0,   0,   0,   1,   0,   0,   0,   1,   0,
    0,   2,   0,   0,   0,   0,   0,   0],
 [  0,   0,   0,   0,   0,  17,   0,   0,   0,   0,   0,   0,   0,   0,
    0,   0,   0,   0,   0,   0,   0,   0],
 [  0,   0,   0,   0,   0,   0,   1,   0,   0,   0,   0,   0,   0,   0,
    0,   0,   0,   0,   0,   0,   0,   0],
 [  0,   0,   0,   1,   0,   0,   0,  36,   0,   0,   0,   0,   0,   0,
    0,   0,   0,   0,   0,   0,   0,   0],
 [  0,   0,   0,   0,   0,   0,   0,   0,  18,   0,   0,   0,   0,   0,
    0,   0,   0,   0,   0,   0,   0,   0],
 [  0,   1,   0,   0,   0,   0,   0,   0,   0,   5,   1,   0,   0,   0,
    0,   0,   0,   0,   0,   0,   0,   0],
 [  0,   1,   0,   0,   0,   0,   0,   0,   0,   0,  11,   0,   0,   0,
    0,   1,   0,   0,   0,   0,   0,   0],
 [  0,   0,   0,   0,   0,   0,   0,   0,   0,   0,   0,  11,   0,   0,
    1,   0,   0,   0,   0,   0,   0,   0],
 [  0,   0,   0,   0,   0,   2,   0,   0,   0,   0,   0,   0,   3,   0,
    0,   0,   0,   0,   0,   0,   0,   0],
 [  0,   0,   0,   0,   0,   0,   0,   0,   0,   1,   0,   0,   0,   0,
    0,   0,   0,   0,   0,   0,   0,   0],
 [  0,   0,   0,   1,   0,   0,   0,   0,   0,   0,   0,   0,   0,   0,
    0,   0,   0,   0,   0,   0,   0,   0],
 [  0,   0,   1,   0,   0,   0,   0,   0,   0,   0,   0,   0,   0,   0,
    0,  18,   0,   0,   0,   0,   0,   0],
 [  0,   0,   0,   0,   0,   1,   0,   0,   0,   0,   0,   0,   0,   0,
    0,   0,   9,   0,   0,   0,   0,   0],
 [  0,   0,   0,   0,   1,   0,   0,   0,   0,   0,   0,   0,   0,   0,
    0,   0,   0,   0,   0,   0,   0,   0],
 [  0,   1,   0,   0,   0,   0,   0,   0,   0,   0,   0,   0,   0,   0,
    0,   0,   0,   0,   2,   0,   0,   0],
 [  0,   0,   0,   0,   0,   0,   0,   0,   0,   0,   0,   0,   0,   0,
    0,   0,   1,   0,   0,   2,   0,   0],
 [  0,   0,   0,   0,   0,   0,   0,   0,   0,   0,   0,   0,   0,   0,
    0,   0,   0,   1,   0,   0,   0,   0],
 [  0,   0,   0,   0,   0,   0,   0,   0,   0,   0,   0,   0,   0,   0,
    0,   0,   0,   0,   0,   0,   0,   1]]
18	0	0.8795	0.9125	0.8957	0.8838
18	1	0.8467	0.8855	0.8657	0.8838
18	2	0.8305	0.8596	0.8448	0.8838
18	3	0.9216	0.7833	0.8468	0.8838
18	4	0.9158	0.9585	0.9367	0.8838
18	5	0.8750	0.8235	0.8485	0.8838
18	6	0.5000	1.0000	0.6667	0.8838
18	7	0.9211	0.9459	0.9333	0.8838
18	8	0.9412	0.8889	0.9143	0.8838
18	9	0.8333	0.7143	0.7692	0.8838
18	10	1.0000	0.8462	0.9167	0.8838
18	11	0.9091	0.8333	0.8696	0.8838
18	12	0.8000	0.8000	0.8000	0.8838
18	13	0.0000	0.0000	0.0000	0.8838
18	14	0.5000	1.0000	0.6667	0.8838
18	15	0.7368	0.7368	0.7368	0.8838
18	16	1.0000	0.9000	0.9474	0.8838
18	17	0.0000	0.0000	0.0000	0.8838
18	18	1.0000	0.6667	0.8000	0.8838
18	19	1.0000	0.3333	0.5000	0.8838
18	20	0.0000	0.0000	0.0000	0.8838
18	21	0.0000	0.0000	0.0000	0.8838
18	22	0.0000	0.0000	0.0000	0.8838
18	23	0.0000	0.0000	0.0000	0.8838
18	24	0.0000	0.0000	0.0000	0.8838

Confusion Matrix for Seed 18:
[[ 73,   5,   1,   1,   0,   0,   0,   0,   0,   0,   0,   0,   0,   0,
    0,   0,   0,   0,   0,   0,   0,   0],
 [  3, 116,   3,   1,   6,   0,   0,   0,   0,   0,   0,   0,   0,   0,
    1,   1,   0,   0,   0,   0,   0,   0],
 [  2,   0,  49,   0,   4,   0,   0,   1,   0,   0,   0,   0,   0,   0,
    0,   1,   0,   0,   0,   0,   0,   0],
 [  2,   7,   0,  47,   3,   0,   0,   0,   0,   0,   0,   0,   1,   0,
    0,   0,   0,   0,   0,   0,   0,   0],
 [  1,   3,   1,   1, 185,   0,   0,   0,   1,   0,   0,   0,   0,   0,
    0,   1,   0,   0,   0,   0,   0,   0],
 [  0,   0,   0,   1,   0,  14,   1,   0,   0,   0,   0,   1,   0,   0,
    0,   0,   0,   0,   0,   0,   0,   0],
 [  0,   0,   0,   0,   0,   0,   1,   0,   0,   0,   0,   0,   0,   0,
    0,   0,   0,   0,   0,   0,   0,   0],
 [  0,   0,   1,   0,   0,   0,   0,  35,   0,   0,   0,   0,   0,   0,
    0,   1,   0,   0,   0,   0,   0,   0],
 [  0,   1,   0,   0,   0,   0,   0,   0,  16,   0,   0,   0,   0,   0,
    0,   1,   0,   0,   0,   0,   0,   0],
 [  0,   1,   0,   0,   1,   0,   0,   0,   0,   5,   0,   0,   0,   0,
    0,   0,   0,   0,   0,   0,   0,   0],
 [  0,   0,   2,   0,   0,   0,   0,   0,   0,   0,  11,   0,   0,   0,
    0,   0,   0,   0,   0,   0,   0,   0],
 [  1,   1,   0,   0,   0,   0,   0,   0,   0,   0,   0,  10,   0,   0,
    0,   0,   0,   0,   0,   0,   0,   0],
 [  0,   0,   1,   0,   0,   0,   0,   0,   0,   0,   0,   0,   4,   0,
    0,   0,   0,   0,   0,   0,   0,   0],
 [  0,   1,   0,   0,   0,   0,   0,   0,   0,   0,   0,   0,   0,   0,
    0,   0,   0,   0,   0,   0,   0,   0],
 [  0,   0,   0,   0,   0,   0,   0,   0,   0,   0,   0,   0,   0,   0,
    1,   0,   0,   0,   0,   0,   0,   0],
 [  0,   1,   0,   0,   2,   1,   0,   1,   0,   0,   0,   0,   0,   0,
    0,  14,   0,   0,   0,   0,   0,   0],
 [  0,   0,   0,   0,   1,   0,   0,   0,   0,   0,   0,   0,   0,   0,
    0,   0,   9,   0,   0,   0,   0,   0],
 [  0,   0,   0,   0,   0,   0,   0,   1,   0,   0,   0,   0,   0,   0,
    0,   0,   0,   0,   0,   0,   0,   0],
 [  0,   0,   1,   0,   0,   0,   0,   0,   0,   0,   0,   0,   0,   0,
    0,   0,   0,   0,   2,   0,   0,   0],
 [  0,   0,   0,   0,   0,   1,   0,   0,   0,   1,   0,   0,   0,   0,
    0,   0,   0,   0,   0,   1,   0,   0],
 [  0,   1,   0,   0,   0,   0,   0,   0,   0,   0,   0,   0,   0,   0,
    0,   0,   0,   0,   0,   0,   0,   0],
 [  1,   0,   0,   0,   0,   0,   0,   0,   0,   0,   0,   0,   0,   0,
    0,   0,   0,   0,   0,   0,   0,   0]]
20	0	0.9375	0.9375	0.9375	0.8927
20	1	0.8984	0.8779	0.8880	0.8927
20	2	0.8254	0.9123	0.8667	0.8927
20	3	0.9273	0.8500	0.8870	0.8927
20	4	0.9246	0.9534	0.9388	0.8927
20	5	0.9412	0.9412	0.9412	0.8927
20	6	1.0000	1.0000	1.0000	0.8927
20	7	0.8333	0.8108	0.8219	0.8927
20	8	0.9375	0.8333	0.8824	0.8927
20	9	0.6250	0.7143	0.6667	0.8927
20	10	1.0000	0.8462	0.9167	0.8927
20	11	0.9167	0.9167	0.9167	0.8927
20	12	0.4000	0.4000	0.4000	0.8927
20	13	0.0000	0.0000	0.0000	0.8927
20	14	0.0000	0.0000	0.0000	0.8927
20	15	0.7368	0.7368	0.7368	0.8927
20	16	0.8333	1.0000	0.9091	0.8927
20	17	0.5000	1.0000	0.6667	0.8927
20	18	1.0000	0.6667	0.8000	0.8927
20	19	1.0000	1.0000	1.0000	0.8927
20	20	0.0000	0.0000	0.0000	0.8927
20	21	1.0000	1.0000	1.0000	0.8927
20	22	0.0000	0.0000	0.0000	0.8927
20	23	0.0000	0.0000	0.0000	0.8927
20	24	0.0000	0.0000	0.0000	0.8927

Confusion Matrix for Seed 20:
[[ 75,   3,   1,   0,   0,   0,   0,   0,   0,   0,   0,   1,   0,   0,
    0,   0,   0,   0,   0,   0,   0,   0],
 [  4, 115,   2,   0,  10,   0,   0,   0,   0,   0,   0,   0,   0,   0,
    0,   0,   0,   0,   0,   0,   0,   0],
 [  0,   0,  52,   0,   2,   0,   0,   3,   0,   0,   0,   0,   0,   0,
    0,   0,   0,   0,   0,   0,   0,   0],
 [  0,   4,   0,  51,   0,   0,   0,   2,   0,   0,   0,   0,   2,   0,
    0,   1,   0,   0,   0,   0,   0,   0],
 [  0,   5,   2,   0, 184,   0,   0,   0,   1,   1,   0,   0,   0,   0,
    0,   0,   0,   0,   0,   0,   0,   0],
 [  0,   0,   0,   0,   0,  16,   0,   0,   0,   0,   0,   0,   1,   0,
    0,   0,   0,   0,   0,   0,   0,   0],
 [  0,   0,   0,   0,   0,   0,   1,   0,   0,   0,   0,   0,   0,   0,
    0,   0,   0,   0,   0,   0,   0,   0],
 [  0,   1,   0,   2,   0,   0,   0,  30,   0,   2,   0,   0,   0,   0,
    0,   2,   0,   0,   0,   0,   0,   0],
 [  0,   0,   1,   0,   1,   0,   0,   0,  15,   0,   0,   0,   0,   0,
    0,   1,   0,   0,   0,   0,   0,   0],
 [  1,   0,   0,   0,   0,   0,   0,   0,   0,   5,   0,   0,   0,   0,
    0,   1,   0,   0,   0,   0,   0,   0],
 [  0,   0,   0,   0,   0,   0,   0,   1,   0,   0,  11,   0,   0,   0,
    0,   0,   1,   0,   0,   0,   0,   0],
 [  0,   0,   1,   0,   0,   0,   0,   0,   0,   0,   0,  11,   0,   0,
    0,   0,   0,   0,   0,   0,   0,   0],
 [  0,   0,   1,   0,   0,   1,   0,   0,   0,   0,   0,   0,   2,   0,
    1,   0,   0,   0,   0,   0,   0,   0],
 [  0,   0,   1,   0,   0,   0,   0,   0,   0,   0,   0,   0,   0,   0,
    0,   0,   0,   0,   0,   0,   0,   0],
 [  0,   0,   0,   1,   0,   0,   0,   0,   0,   0,   0,   0,   0,   0,
    0,   0,   0,   0,   0,   0,   0,   0],
 [  0,   0,   1,   1,   2,   0,   0,   0,   0,   0,   0,   0,   0,   0,
    0,  14,   1,   0,   0,   0,   0,   0],
 [  0,   0,   0,   0,   0,   0,   0,   0,   0,   0,   0,   0,   0,   0,
    0,   0,  10,   0,   0,   0,   0,   0],
 [  0,   0,   0,   0,   0,   0,   0,   0,   0,   0,   0,   0,   0,   0,
    0,   0,   0,   1,   0,   0,   0,   0],
 [  0,   0,   1,   0,   0,   0,   0,   0,   0,   0,   0,   0,   0,   0,
    0,   0,   0,   0,   2,   0,   0,   0],
 [  0,   0,   0,   0,   0,   0,   0,   0,   0,   0,   0,   0,   0,   0,
    0,   0,   0,   0,   0,   3,   0,   0],
 [  0,   0,   0,   0,   0,   0,   0,   0,   0,   0,   0,   0,   0,   0,
    0,   0,   0,   1,   0,   0,   0,   0],
 [  0,   0,   0,   0,   0,   0,   0,   0,   0,   0,   0,   0,   0,   0,
    0,   0,   0,   0,   0,   0,   0,   1]]
22	0	0.9000	0.9000	0.9000	0.8882
22	1	0.8824	0.9160	0.8989	0.8882
22	2	0.9434	0.8772	0.9091	0.8882
22	3	0.8500	0.8500	0.8500	0.8882
22	4	0.9223	0.9223	0.9223	0.8882
22	5	0.9333	0.8235	0.8750	0.8882
22	6	0.5000	1.0000	0.6667	0.8882
22	7	0.9444	0.9189	0.9315	0.8882
22	8	0.9375	0.8333	0.8824	0.8882
22	9	0.5714	0.5714	0.5714	0.8882
22	10	1.0000	0.9231	0.9600	0.8882
22	11	0.7333	0.9167	0.8148	0.8882
22	12	1.0000	0.6000	0.7500	0.8882
22	13	0.0000	0.0000	0.0000	0.8882
22	14	0.0000	0.0000	0.0000	0.8882
22	15	0.6800	0.8947	0.7727	0.8882
22	16	0.7500	0.9000	0.8182	0.8882
22	17	0.0000	0.0000	0.0000	0.8882
22	18	1.0000	0.6667	0.8000	0.8882
22	19	1.0000	1.0000	1.0000	0.8882
22	20	0.0000	0.0000	0.0000	0.8882
22	21	0.0000	0.0000	0.0000	0.8882
22	22	0.0000	0.0000	0.0000	0.8882
22	23	0.0000	0.0000	0.0000	0.8882
22	24	0.0000	0.0000	0.0000	0.8882

Confusion Matrix for Seed 22:
[[ 72,   4,   0,   2,   0,   0,   1,   0,   0,   0,   0,   1,   0,   0,
    0,   0,   0,   0,   0,   0,   0,   0],
 [  4, 120,   1,   1,   5,   0,   0,   0,   0,   0,   0,   0,   0,   0,
    0,   0,   0,   0,   0,   0,   0,   0],
 [  0,   2,  50,   0,   4,   0,   0,   0,   0,   0,   0,   0,   0,   0,
    0,   0,   1,   0,   0,   0,   0,   0],
 [  2,   3,   0,  51,   2,   0,   0,   0,   0,   0,   0,   0,   0,   0,
    0,   0,   2,   0,   0,   0,   0,   0],
 [  1,   5,   1,   1, 178,   0,   0,   0,   0,   2,   0,   0,   0,   0,
    0,   5,   0,   0,   0,   0,   0,   0],
 [  0,   0,   0,   1,   0,  14,   0,   0,   0,   0,   0,   1,   0,   0,
    0,   1,   0,   0,   0,   0,   0,   0],
 [  0,   0,   0,   0,   0,   0,   1,   0,   0,   0,   0,   0,   0,   0,
    0,   0,   0,   0,   0,   0,   0,   0],
 [  0,   1,   0,   0,   0,   0,   0,  34,   0,   0,   0,   1,   0,   0,
    0,   1,   0,   0,   0,   0,   0,   0],
 [  0,   0,   0,   3,   0,   0,   0,   0,  15,   0,   0,   0,   0,   0,
    0,   0,   0,   0,   0,   0,   0,   0],
 [  0,   0,   0,   0,   2,   0,   0,   1,   0,   4,   0,   0,   0,   0,
    0,   0,   0,   0,   0,   0,   0,   0],
 [  0,   0,   0,   0,   0,   0,   0,   0,   0,   0,  12,   0,   0,   0,
    0,   1,   0,   0,   0,   0,   0,   0],
 [  0,   0,   0,   0,   1,   0,   0,   0,   0,   0,   0,  11,   0,   0,
    0,   0,   0,   0,   0,   0,   0,   0],
 [  0,   0,   0,   0,   0,   1,   0,   0,   0,   1,   0,   0,   3,   0,
    0,   0,   0,   0,   0,   0,   0,   0],
 [  0,   0,   1,   0,   0,   0,   0,   0,   0,   0,   0,   0,   0,   0,
    0,   0,   0,   0,   0,   0,   0,   0],
 [  0,   0,   0,   1,   0,   0,   0,   0,   0,   0,   0,   0,   0,   0,
    0,   0,   0,   0,   0,   0,   0,   0],
 [  0,   1,   0,   0,   0,   0,   0,   1,   0,   0,   0,   0,   0,   0,
    0,  17,   0,   0,   0,   0,   0,   0],
 [  0,   0,   0,   0,   0,   0,   0,   0,   0,   0,   0,   1,   0,   0,
    0,   0,   9,   0,   0,   0,   0,   0],
 [  0,   0,   0,   0,   1,   0,   0,   0,   0,   0,   0,   0,   0,   0,
    0,   0,   0,   0,   0,   0,   0,   0],
 [  0,   0,   0,   0,   0,   0,   0,   0,   1,   0,   0,   0,   0,   0,
    0,   0,   0,   0,   2,   0,   0,   0],
 [  0,   0,   0,   0,   0,   0,   0,   0,   0,   0,   0,   0,   0,   0,
    0,   0,   0,   0,   0,   3,   0,   0],
 [  0,   0,   0,   0,   0,   0,   0,   0,   0,   0,   0,   0,   0,   0,
    0,   0,   0,   1,   0,   0,   0,   0],
 [  1,   0,   0,   0,   0,   0,   0,   0,   0,   0,   0,   0,   0,   0,
    0,   0,   0,   0,   0,   0,   0,   0]]
24	0	0.8537	0.8750	0.8642	0.8689
24	1	0.8058	0.8550	0.8296	0.8689
24	2	0.8254	0.9123	0.8667	0.8689
24	3	0.8361	0.8500	0.8430	0.8689
24	4	0.9459	0.9067	0.9259	0.8689
24	5	0.9444	1.0000	0.9714	0.8689
24	6	1.0000	1.0000	1.0000	0.8689
24	7	0.9412	0.8649	0.9014	0.8689
24	8	0.8947	0.9444	0.9189	0.8689
24	9	0.8571	0.8571	0.8571	0.8689
24	10	0.9091	0.7692	0.8333	0.8689
24	11	0.7000	0.5833	0.6364	0.8689
24	12	0.7500	0.6000	0.6667	0.8689
24	13	0.0000	0.0000	0.0000	0.8689
24	14	0.0000	0.0000	0.0000	0.8689
24	15	0.9375	0.7895	0.8571	0.8689
24	16	0.8333	1.0000	0.9091	0.8689
24	17	0.0000	0.0000	0.0000	0.8689
24	18	0.5000	0.6667	0.5714	0.8689
24	19	1.0000	1.0000	1.0000	0.8689
24	20	0.0000	0.0000	0.0000	0.8689
24	21	0.0000	0.0000	0.0000	0.8689
24	22	0.0000	0.0000	0.0000	0.8689
24	23	0.0000	0.0000	0.0000	0.8689
24	24	0.0000	0.0000	0.0000	0.8689

Confusion Matrix for Seed 24:
[[ 70,   7,   1,   1,   0,   0,   0,   0,   0,   0,   0,   0,   0,   0,
    0,   0,   0,   0,   1,   0,   0,   0],
 [  4, 112,   4,   2,   7,   0,   0,   1,   1,   0,   0,   0,   0,   0,
    0,   0,   0,   0,   0,   0,   0,   0],
 [  0,   3,  52,   0,   2,   0,   0,   0,   0,   0,   0,   0,   0,   0,
    0,   0,   0,   0,   0,   0,   0,   0],
 [  1,   1,   2,  51,   1,   0,   0,   0,   0,   0,   0,   2,   0,   0,
    0,   0,   1,   0,   1,   0,   0,   0],
 [  1,   9,   2,   4, 175,   0,   0,   0,   1,   0,   0,   0,   0,   0,
    0,   1,   0,   0,   0,   0,   0,   0],
 [  0,   0,   0,   0,   0,  17,   0,   0,   0,   0,   0,   0,   0,   0,
    0,   0,   0,   0,   0,   0,   0,   0],
 [  0,   0,   0,   0,   0,   0,   1,   0,   0,   0,   0,   0,   0,   0,
    0,   0,   0,   0,   0,   0,   0,   0],
 [  2,   0,   1,   0,   0,   0,   0,  32,   0,   0,   1,   1,   0,   0,
    0,   0,   0,   0,   0,   0,   0,   0],
 [  0,   1,   0,   0,   0,   0,   0,   0,  17,   0,   0,   0,   0,   0,
    0,   0,   0,   0,   0,   0,   0,   0],
 [  0,   0,   0,   0,   0,   0,   0,   0,   0,   6,   0,   0,   1,   0,
    0,   0,   0,   0,   0,   0,   0,   0],
 [  0,   1,   1,   0,   0,   0,   0,   0,   0,   0,  10,   0,   0,   0,
    0,   0,   1,   0,   0,   0,   0,   0],
 [  1,   1,   0,   2,   0,   0,   0,   0,   0,   0,   0,   7,   0,   0,
    1,   0,   0,   0,   0,   0,   0,   0],
 [  1,   0,   0,   0,   0,   1,   0,   0,   0,   0,   0,   0,   3,   0,
    0,   0,   0,   0,   0,   0,   0,   0],
 [  0,   1,   0,   0,   0,   0,   0,   0,   0,   0,   0,   0,   0,   0,
    0,   0,   0,   0,   0,   0,   0,   0],
 [  1,   0,   0,   0,   0,   0,   0,   0,   0,   0,   0,   0,   0,   0,
    0,   0,   0,   0,   0,   0,   0,   0],
 [  1,   2,   0,   0,   0,   0,   0,   1,   0,   0,   0,   0,   0,   0,
    0,  15,   0,   0,   0,   0,   0,   0],
 [  0,   0,   0,   0,   0,   0,   0,   0,   0,   0,   0,   0,   0,   0,
    0,   0,  10,   0,   0,   0,   0,   0],
 [  0,   0,   0,   0,   0,   0,   0,   0,   0,   1,   0,   0,   0,   0,
    0,   0,   0,   0,   0,   0,   0,   0],
 [  0,   1,   0,   0,   0,   0,   0,   0,   0,   0,   0,   0,   0,   0,
    0,   0,   0,   0,   2,   0,   0,   0],
 [  0,   0,   0,   0,   0,   0,   0,   0,   0,   0,   0,   0,   0,   0,
    0,   0,   0,   0,   0,   3,   0,   0],
 [  0,   0,   0,   0,   0,   0,   0,   0,   0,   0,   0,   0,   0,   0,
    0,   0,   0,   1,   0,   0,   0,   0],
 [  0,   0,   0,   1,   0,   0,   0,   0,   0,   0,   0,   0,   0,   0,
    0,   0,   0,   0,   0,   0,   0,   0]]
26	0	0.9342	0.8875	0.9103	0.8927
26	1	0.8657	0.8855	0.8755	0.8927
26	2	0.8929	0.8772	0.8850	0.8927
26	3	0.8281	0.8833	0.8548	0.8927
26	4	0.9378	0.9378	0.9378	0.8927
26	5	0.8947	1.0000	0.9444	0.8927
26	6	0.0000	0.0000	0.0000	0.8927
26	7	0.9189	0.9189	0.9189	0.8927
26	8	0.8947	0.9444	0.9189	0.8927
26	9	0.7143	0.7143	0.7143	0.8927
26	10	0.9091	0.7692	0.8333	0.8927
26	11	0.8571	1.0000	0.9231	0.8927
26	12	1.0000	0.8000	0.8889	0.8927
26	13	0.0000	0.0000	0.0000	0.8927
26	14	0.0000	0.0000	0.0000	0.8927
26	15	0.7778	0.7368	0.7568	0.8927
26	16	0.8182	0.9000	0.8571	0.8927
26	17	0.0000	0.0000	0.0000	0.8927
26	18	1.0000	0.6667	0.8000	0.8927
26	19	1.0000	1.0000	1.0000	0.8927
26	20	0.0000	0.0000	0.0000	0.8927
26	21	1.0000	1.0000	1.0000	0.8927
26	22	0.0000	0.0000	0.0000	0.8927
26	23	0.0000	0.0000	0.0000	0.8927
26	24	0.0000	0.0000	0.0000	0.8927

Confusion Matrix for Seed 26:
[[ 71,   7,   1,   0,   0,   0,   1,   0,   0,   0,   0,   0,   0,   0,
    0,   0,   0,   0,   0,   0,   0,   0],
 [  1, 116,   1,   4,   7,   0,   0,   0,   0,   0,   0,   0,   0,   0,
    0,   2,   0,   0,   0,   0,   0,   0],
 [  0,   3,  50,   1,   2,   0,   0,   0,   0,   0,   1,   0,   0,   0,
    0,   0,   0,   0,   0,   0,   0,   0],
 [  1,   2,   1,  53,   0,   0,   0,   1,   0,   0,   0,   2,   0,   0,
    0,   0,   0,   0,   0,   0,   0,   0],
 [  0,   6,   2,   1, 181,   0,   0,   0,   2,   1,   0,   0,   0,   0,
    0,   0,   0,   0,   0,   0,   0,   0],
 [  0,   0,   0,   0,   0,  17,   0,   0,   0,   0,   0,   0,   0,   0,
    0,   0,   0,   0,   0,   0,   0,   0],
 [  0,   0,   0,   0,   0,   1,   0,   0,   0,   0,   0,   0,   0,   0,
    0,   0,   0,   0,   0,   0,   0,   0],
 [  0,   0,   1,   0,   0,   0,   0,  34,   0,   0,   0,   0,   0,   0,
    0,   2,   0,   0,   0,   0,   0,   0],
 [  0,   0,   0,   1,   0,   0,   0,   0,  17,   0,   0,   0,   0,   0,
    0,   0,   0,   0,   0,   0,   0,   0],
 [  0,   0,   0,   1,   1,   0,   0,   0,   0,   5,   0,   0,   0,   0,
    0,   0,   0,   0,   0,   0,   0,   0],
 [  0,   0,   0,   1,   0,   0,   0,   1,   0,   0,  10,   0,   0,   0,
    0,   0,   1,   0,   0,   0,   0,   0],
 [  0,   0,   0,   0,   0,   0,   0,   0,   0,   0,   0,  12,   0,   0,
    0,   0,   0,   0,   0,   0,   0,   0],
 [  0,   0,   0,   0,   0,   1,   0,   0,   0,   0,   0,   0,   4,   0,
    0,   0,   0,   0,   0,   0,   0,   0],
 [  0,   0,   0,   0,   0,   0,   0,   0,   0,   1,   0,   0,   0,   0,
    0,   0,   0,   0,   0,   0,   0,   0],
 [  0,   0,   0,   1,   0,   0,   0,   0,   0,   0,   0,   0,   0,   0,
    0,   0,   0,   0,   0,   0,   0,   0],
 [  3,   0,   0,   0,   1,   0,   0,   1,   0,   0,   0,   0,   0,   0,
    0,  14,   0,   0,   0,   0,   0,   0],
 [  0,   0,   0,   1,   0,   0,   0,   0,   0,   0,   0,   0,   0,   0,
    0,   0,   9,   0,   0,   0,   0,   0],
 [  0,   0,   0,   0,   1,   0,   0,   0,   0,   0,   0,   0,   0,   0,
    0,   0,   0,   0,   0,   0,   0,   0],
 [  0,   0,   0,   0,   0,   0,   0,   0,   0,   0,   0,   0,   0,   0,
    0,   0,   1,   0,   2,   0,   0,   0],
 [  0,   0,   0,   0,   0,   0,   0,   0,   0,   0,   0,   0,   0,   0,
    0,   0,   0,   0,   0,   3,   0,   0],
 [  0,   0,   0,   0,   0,   0,   0,   0,   0,   0,   0,   0,   0,   0,
    0,   0,   0,   1,   0,   0,   0,   0],
 [  0,   0,   0,   0,   0,   0,   0,   0,   0,   0,   0,   0,   0,   0,
    0,   0,   0,   0,   0,   0,   0,   1]]
28	0	0.9296	0.8250	0.8742	0.8748
28	1	0.8571	0.8702	0.8636	0.8748
28	2	0.8704	0.8246	0.8468	0.8748
28	3	0.7910	0.8833	0.8346	0.8748
28	4	0.9286	0.9430	0.9357	0.8748
28	5	0.8750	0.8235	0.8485	0.8748
28	6	1.0000	1.0000	1.0000	0.8748
28	7	0.8857	0.8378	0.8611	0.8748
28	8	0.9000	1.0000	0.9474	0.8748
28	9	0.5000	0.7143	0.5882	0.8748
28	10	1.0000	0.8462	0.9167	0.8748
28	11	0.7692	0.8333	0.8000	0.8748
28	12	0.8000	0.8000	0.8000	0.8748
28	13	0.0000	0.0000	0.0000	0.8748
28	14	1.0000	1.0000	1.0000	0.8748
28	15	0.7368	0.7368	0.7368	0.8748
28	16	0.9000	0.9000	0.9000	0.8748
28	17	0.5000	1.0000	0.6667	0.8748
28	18	0.6667	0.6667	0.6667	0.8748
28	19	1.0000	1.0000	1.0000	0.8748
28	20	0.0000	0.0000	0.0000	0.8748
28	21	1.0000	1.0000	1.0000	0.8748
28	22	0.0000	0.0000	0.0000	0.8748
28	23	0.0000	0.0000	0.0000	0.8748
28	24	0.0000	0.0000	0.0000	0.8748

Confusion Matrix for Seed 28:
[[ 66,   8,   0,   2,   2,   1,   0,   1,   0,   0,   0,   0,   0,   0,
    0,   0,   0,   0,   0,   0,   0,   0],
 [  3, 114,   3,   6,   3,   0,   0,   0,   0,   0,   0,   0,   0,   0,
    0,   2,   0,   0,   0,   0,   0,   0],
 [  0,   1,  47,   1,   7,   0,   0,   0,   0,   0,   0,   0,   0,   0,
    0,   0,   0,   1,   0,   0,   0,   0],
 [  0,   2,   0,  53,   0,   0,   0,   1,   0,   0,   0,   2,   0,   0,
    0,   0,   1,   0,   1,   0,   0,   0],
 [  0,   6,   0,   1, 182,   0,   0,   0,   1,   2,   0,   0,   0,   0,
    0,   1,   0,   0,   0,   0,   0,   0],
 [  0,   0,   0,   0,   0,  14,   0,   0,   0,   0,   0,   1,   1,   0,
    0,   1,   0,   0,   0,   0,   0,   0],
 [  0,   0,   0,   0,   0,   0,   1,   0,   0,   0,   0,   0,   0,   0,
    0,   0,   0,   0,   0,   0,   0,   0],
 [  0,   0,   1,   3,   0,   0,   0,  31,   0,   1,   0,   0,   0,   0,
    0,   1,   0,   0,   0,   0,   0,   0],
 [  0,   0,   0,   0,   0,   0,   0,   0,  18,   0,   0,   0,   0,   0,
    0,   0,   0,   0,   0,   0,   0,   0],
 [  1,   0,   0,   0,   1,   0,   0,   0,   0,   5,   0,   0,   0,   0,
    0,   0,   0,   0,   0,   0,   0,   0],
 [  1,   0,   0,   0,   0,   0,   0,   1,   0,   0,  11,   0,   0,   0,
    0,   0,   0,   0,   0,   0,   0,   0],
 [  0,   2,   0,   0,   0,   0,   0,   0,   0,   0,   0,  10,   0,   0,
    0,   0,   0,   0,   0,   0,   0,   0],
 [  0,   0,   0,   0,   0,   1,   0,   0,   0,   0,   0,   0,   4,   0,
    0,   0,   0,   0,   0,   0,   0,   0],
 [  0,   0,   1,   0,   0,   0,   0,   0,   0,   0,   0,   0,   0,   0,
    0,   0,   0,   0,   0,   0,   0,   0],
 [  0,   0,   0,   0,   0,   0,   0,   0,   0,   0,   0,   0,   0,   0,
    1,   0,   0,   0,   0,   0,   0,   0],
 [  0,   0,   1,   0,   1,   0,   0,   1,   1,   1,   0,   0,   0,   0,
    0,  14,   0,   0,   0,   0,   0,   0],
 [  0,   0,   0,   1,   0,   0,   0,   0,   0,   0,   0,   0,   0,   0,
    0,   0,   9,   0,   0,   0,   0,   0],
 [  0,   0,   0,   0,   0,   0,   0,   0,   0,   0,   0,   0,   0,   0,
    0,   0,   0,   1,   0,   0,   0,   0],
 [  0,   0,   1,   0,   0,   0,   0,   0,   0,   0,   0,   0,   0,   0,
    0,   0,   0,   0,   2,   0,   0,   0],
 [  0,   0,   0,   0,   0,   0,   0,   0,   0,   0,   0,   0,   0,   0,
    0,   0,   0,   0,   0,   3,   0,   0],
 [  0,   0,   0,   0,   0,   0,   0,   0,   0,   1,   0,   0,   0,   0,
    0,   0,   0,   0,   0,   0,   0,   0],
 [  0,   0,   0,   0,   0,   0,   0,   0,   0,   0,   0,   0,   0,   0,
    0,   0,   0,   0,   0,   0,   0,   1]]
30	0	0.9250	0.9250	0.9250	0.8867
30	1	0.8406	0.8855	0.8625	0.8867
30	2	0.9608	0.8596	0.9074	0.8867
30	3	0.8525	0.8667	0.8595	0.8867
30	4	0.9289	0.9482	0.9385	0.8867
30	5	1.0000	0.7647	0.8667	0.8867
30	6	0.5000	1.0000	0.6667	0.8867
30	7	0.8919	0.8919	0.8919	0.8867
30	8	0.9412	0.8889	0.9143	0.8867
30	9	0.2857	0.2857	0.2857	0.8867
30	10	1.0000	0.9231	0.9600	0.8867
30	11	1.0000	0.9167	0.9565	0.8867
30	12	0.6000	0.6000	0.6000	0.8867
30	13	0.0000	0.0000	0.0000	0.8867
30	14	0.5000	1.0000	0.6667	0.8867
30	15	0.6190	0.6842	0.6500	0.8867
30	16	1.0000	1.0000	1.0000	0.8867
30	17	0.0000	0.0000	0.0000	0.8867
30	18	1.0000	0.6667	0.8000	0.8867
30	19	1.0000	1.0000	1.0000	0.8867
30	20	0.0000	0.0000	0.0000	0.8867
30	21	1.0000	1.0000	1.0000	0.8867
30	22	0.0000	0.0000	0.0000	0.8867
30	23	0.0000	0.0000	0.0000	0.8867
30	24	0.0000	0.0000	0.0000	0.8867

Confusion Matrix for Seed 30:
[[ 74,   3,   0,   0,   2,   0,   1,   0,   0,   0,   0,   0,   0,   0,
    0,   0,   0,   0,   0,   0,   0,   0],
 [  1, 116,   0,   3,   7,   0,   0,   0,   0,   0,   0,   0,   0,   0,
    0,   3,   0,   1,   0,   0,   0,   0],
 [  2,   0,  49,   2,   1,   0,   0,   2,   1,   0,   0,   0,   0,   0,
    0,   0,   0,   0,   0,   0,   0,   0],
 [  1,   6,   0,  52,   0,   0,   0,   0,   0,   0,   0,   0,   0,   0,
    0,   1,   0,   0,   0,   0,   0,   0],
 [  0,   8,   1,   0, 183,   0,   0,   0,   0,   1,   0,   0,   0,   0,
    0,   0,   0,   0,   0,   0,   0,   0],
 [  1,   1,   0,   0,   0,  13,   0,   0,   0,   0,   0,   0,   2,   0,
    0,   0,   0,   0,   0,   0,   0,   0],
 [  0,   0,   0,   0,   0,   0,   1,   0,   0,   0,   0,   0,   0,   0,
    0,   0,   0,   0,   0,   0,   0,   0],
 [  0,   1,   0,   1,   0,   0,   0,  33,   0,   0,   0,   0,   0,   0,
    0,   2,   0,   0,   0,   0,   0,   0],
 [  0,   0,   0,   1,   0,   0,   0,   0,  16,   0,   0,   0,   0,   0,
    0,   1,   0,   0,   0,   0,   0,   0],
 [  1,   0,   0,   1,   3,   0,   0,   0,   0,   2,   0,   0,   0,   0,
    0,   0,   0,   0,   0,   0,   0,   0],
 [  0,   1,   0,   0,   0,   0,   0,   0,   0,   0,  12,   0,   0,   0,
    0,   0,   0,   0,   0,   0,   0,   0],
 [  0,   0,   0,   0,   0,   0,   0,   0,   0,   0,   0,  11,   0,   0,
    1,   0,   0,   0,   0,   0,   0,   0],
 [  0,   0,   0,   0,   0,   0,   0,   0,   0,   2,   0,   0,   3,   0,
    0,   0,   0,   0,   0,   0,   0,   0],
 [  0,   0,   0,   0,   0,   0,   0,   0,   0,   1,   0,   0,   0,   0,
    0,   0,   0,   0,   0,   0,   0,   0],
 [  0,   0,   0,   0,   0,   0,   0,   0,   0,   0,   0,   0,   0,   0,
    1,   0,   0,   0,   0,   0,   0,   0],
 [  0,   2,   1,   0,   1,   0,   0,   2,   0,   0,   0,   0,   0,   0,
    0,  13,   0,   0,   0,   0,   0,   0],
 [  0,   0,   0,   0,   0,   0,   0,   0,   0,   0,   0,   0,   0,   0,
    0,   0,  10,   0,   0,   0,   0,   0],
 [  0,   0,   0,   1,   0,   0,   0,   0,   0,   0,   0,   0,   0,   0,
    0,   0,   0,   0,   0,   0,   0,   0],
 [  0,   0,   0,   0,   0,   0,   0,   0,   0,   0,   0,   0,   0,   0,
    0,   1,   0,   0,   2,   0,   0,   0],
 [  0,   0,   0,   0,   0,   0,   0,   0,   0,   0,   0,   0,   0,   0,
    0,   0,   0,   0,   0,   3,   0,   0],
 [  0,   0,   0,   0,   0,   0,   0,   0,   0,   1,   0,   0,   0,   0,
    0,   0,   0,   0,   0,   0,   0,   0],
 [  0,   0,   0,   0,   0,   0,   0,   0,   0,   0,   0,   0,   0,   0,
    0,   0,   0,   0,   0,   0,   0,   1]]
32	0	0.9241	0.9125	0.9182	0.8808
32	1	0.8235	0.8550	0.8390	0.8808
32	2	0.8667	0.9123	0.8889	0.8808
32	3	0.8525	0.8667	0.8595	0.8808
32	4	0.9150	0.9482	0.9313	0.8808
32	5	0.9333	0.8235	0.8750	0.8808
32	6	0.3333	1.0000	0.5000	0.8808
32	7	0.9394	0.8378	0.8857	0.8808
32	8	0.9000	1.0000	0.9474	0.8808
32	9	0.5000	0.4286	0.4615	0.8808
32	10	0.9231	0.9231	0.9231	0.8808
32	11	1.0000	0.9167	0.9565	0.8808
32	12	0.6667	0.4000	0.5000	0.8808
32	13	0.0000	0.0000	0.0000	0.8808
32	14	0.0000	0.0000	0.0000	0.8808
32	15	0.8571	0.6316	0.7273	0.8808
32	16	0.8333	1.0000	0.9091	0.8808
32	17	0.0000	0.0000	0.0000	0.8808
32	18	1.0000	0.6667	0.8000	0.8808
32	19	1.0000	0.6667	0.8000	0.8808
32	20	0.0000	0.0000	0.0000	0.8808
32	21	1.0000	1.0000	1.0000	0.8808
32	22	0.0000	0.0000	0.0000	0.8808
32	23	0.0000	0.0000	0.0000	0.8808
32	24	0.0000	0.0000	0.0000	0.8808

Confusion Matrix for Seed 32:
[[ 73,   3,   1,   1,   0,   0,   0,   1,   0,   1,   0,   0,   0,   0,
    0,   0,   0,   0,   0,   0,   0,   0],
 [  4, 112,   1,   2,  10,   0,   0,   0,   2,   0,   0,   0,   0,   0,
    0,   0,   0,   0,   0,   0,   0,   0],
 [  0,   2,  52,   1,   1,   0,   0,   1,   0,   0,   0,   0,   0,   0,
    0,   0,   0,   0,   0,   0,   0,   0],
 [  0,   4,   0,  52,   1,   0,   0,   0,   0,   1,   0,   0,   0,   0,
    0,   1,   1,   0,   0,   0,   0,   0],
 [  0,   6,   3,   1, 183,   0,   0,   0,   0,   0,   0,   0,   0,   0,
    0,   0,   0,   0,   0,   0,   0,   0],
 [  0,   0,   0,   0,   0,  14,   2,   0,   0,   0,   0,   0,   1,   0,
    0,   0,   0,   0,   0,   0,   0,   0],
 [  0,   0,   0,   0,   0,   0,   1,   0,   0,   0,   0,   0,   0,   0,
    0,   0,   0,   0,   0,   0,   0,   0],
 [  0,   3,   0,   1,   0,   0,   0,  31,   0,   1,   1,   0,   0,   0,
    0,   0,   0,   0,   0,   0,   0,   0],
 [  0,   0,   0,   0,   0,   0,   0,   0,  18,   0,   0,   0,   0,   0,
    0,   0,   0,   0,   0,   0,   0,   0],
 [  0,   1,   1,   0,   2,   0,   0,   0,   0,   3,   0,   0,   0,   0,
    0,   0,   0,   0,   0,   0,   0,   0],
 [  0,   1,   0,   0,   0,   0,   0,   0,   0,   0,  12,   0,   0,   0,
    0,   0,   0,   0,   0,   0,   0,   0],
 [  1,   0,   0,   0,   0,   0,   0,   0,   0,   0,   0,  11,   0,   0,
    0,   0,   0,   0,   0,   0,   0,   0],
 [  0,   0,   0,   0,   0,   1,   0,   0,   0,   0,   0,   0,   2,   0,
    0,   1,   1,   0,   0,   0,   0,   0],
 [  0,   0,   1,   0,   0,   0,   0,   0,   0,   0,   0,   0,   0,   0,
    0,   0,   0,   0,   0,   0,   0,   0],
 [  0,   1,   0,   0,   0,   0,   0,   0,   0,   0,   0,   0,   0,   0,
    0,   0,   0,   0,   0,   0,   0,   0],
 [  1,   1,   0,   2,   3,   0,   0,   0,   0,   0,   0,   0,   0,   0,
    0,  12,   0,   0,   0,   0,   0,   0],
 [  0,   0,   0,   0,   0,   0,   0,   0,   0,   0,   0,   0,   0,   0,
    0,   0,  10,   0,   0,   0,   0,   0],
 [  0,   0,   0,   1,   0,   0,   0,   0,   0,   0,   0,   0,   0,   0,
    0,   0,   0,   0,   0,   0,   0,   0],
 [  0,   0,   1,   0,   0,   0,   0,   0,   0,   0,   0,   0,   0,   0,
    0,   0,   0,   0,   2,   0,   0,   0],
 [  0,   1,   0,   0,   0,   0,   0,   0,   0,   0,   0,   0,   0,   0,
    0,   0,   0,   0,   0,   2,   0,   0],
 [  0,   1,   0,   0,   0,   0,   0,   0,   0,   0,   0,   0,   0,   0,
    0,   0,   0,   0,   0,   0,   0,   0],
 [  0,   0,   0,   0,   0,   0,   0,   0,   0,   0,   0,   0,   0,   0,
    0,   0,   0,   0,   0,   0,   0,   1]]
34	0	0.9067	0.8500	0.8774	0.8793
34	1	0.8889	0.8550	0.8716	0.8793
34	2	0.8909	0.8596	0.8750	0.8793
34	3	0.9259	0.8333	0.8772	0.8793
34	4	0.9015	0.9482	0.9242	0.8793
34	5	0.8824	0.8824	0.8824	0.8793
34	6	1.0000	1.0000	1.0000	0.8793
34	7	0.8000	0.8649	0.8312	0.8793
34	8	0.8500	0.9444	0.8947	0.8793
34	9	0.7500	0.8571	0.8000	0.8793
34	10	1.0000	1.0000	1.0000	0.8793
34	11	0.6667	0.8333	0.7407	0.8793
34	12	0.6667	0.4000	0.5000	0.8793
34	13	0.0000	0.0000	0.0000	0.8793
34	14	0.0000	0.0000	0.0000	0.8793
34	15	0.7000	0.7368	0.7179	0.8793
34	16	0.9091	1.0000	0.9524	0.8793
34	17	0.5000	1.0000	0.6667	0.8793
34	18	1.0000	1.0000	1.0000	0.8793
34	19	1.0000	1.0000	1.0000	0.8793
34	20	0.0000	0.0000	0.0000	0.8793
34	21	1.0000	1.0000	1.0000	0.8793
34	22	0.0000	0.0000	0.0000	0.8793
34	23	0.0000	0.0000	0.0000	0.8793
34	24	0.0000	0.0000	0.0000	0.8793

Confusion Matrix for Seed 34:
[[ 68,   4,   1,   0,   3,   0,   0,   0,   1,   0,   0,   2,   0,   0,
    0,   0,   0,   1,   0,   0,   0,   0],
 [  5, 112,   3,   1,   6,   1,   0,   2,   0,   0,   0,   0,   0,   0,
    0,   1,   0,   0,   0,   0,   0,   0],
 [  1,   1,  49,   0,   5,   0,   0,   1,   0,   0,   0,   0,   0,   0,
    0,   0,   0,   0,   0,   0,   0,   0],
 [  0,   4,   0,  50,   0,   0,   0,   4,   0,   0,   0,   1,   0,   0,
    1,   0,   0,   0,   0,   0,   0,   0],
 [  0,   4,   1,   0, 183,   0,   0,   0,   2,   1,   0,   0,   0,   0,
    0,   2,   0,   0,   0,   0,   0,   0],
 [  0,   0,   0,   0,   0,  15,   0,   0,   0,   0,   0,   0,   1,   0,
    0,   1,   0,   0,   0,   0,   0,   0],
 [  0,   0,   0,   0,   0,   0,   1,   0,   0,   0,   0,   0,   0,   0,
    0,   0,   0,   0,   0,   0,   0,   0],
 [  0,   0,   0,   1,   2,   0,   0,  32,   0,   0,   0,   0,   0,   0,
    0,   2,   0,   0,   0,   0,   0,   0],
 [  0,   0,   0,   1,   0,   0,   0,   0,  17,   0,   0,   0,   0,   0,
    0,   0,   0,   0,   0,   0,   0,   0],
 [  1,   0,   0,   0,   0,   0,   0,   0,   0,   6,   0,   0,   0,   0,
    0,   0,   0,   0,   0,   0,   0,   0],
 [  0,   0,   0,   0,   0,   0,   0,   0,   0,   0,  13,   0,   0,   0,
    0,   0,   0,   0,   0,   0,   0,   0],
 [  0,   0,   0,   0,   2,   0,   0,   0,   0,   0,   0,  10,   0,   0,
    0,   0,   0,   0,   0,   0,   0,   0],
 [  0,   0,   0,   1,   0,   1,   0,   0,   0,   0,   0,   0,   2,   0,
    0,   0,   1,   0,   0,   0,   0,   0],
 [  0,   0,   0,   0,   1,   0,   0,   0,   0,   0,   0,   0,   0,   0,
    0,   0,   0,   0,   0,   0,   0,   0],
 [  0,   0,   0,   0,   0,   0,   0,   0,   0,   0,   0,   1,   0,   0,
    0,   0,   0,   0,   0,   0,   0,   0],
 [  0,   0,   1,   0,   1,   0,   0,   1,   0,   1,   0,   1,   0,   0,
    0,  14,   0,   0,   0,   0,   0,   0],
 [  0,   0,   0,   0,   0,   0,   0,   0,   0,   0,   0,   0,   0,   0,
    0,   0,  10,   0,   0,   0,   0,   0],
 [  0,   0,   0,   0,   0,   0,   0,   0,   0,   0,   0,   0,   0,   0,
    0,   0,   0,   1,   0,   0,   0,   0],
 [  0,   0,   0,   0,   0,   0,   0,   0,   0,   0,   0,   0,   0,   0,
    0,   0,   0,   0,   3,   0,   0,   0],
 [  0,   0,   0,   0,   0,   0,   0,   0,   0,   0,   0,   0,   0,   0,
    0,   0,   0,   0,   0,   3,   0,   0],
 [  0,   1,   0,   0,   0,   0,   0,   0,   0,   0,   0,   0,   0,   0,
    0,   0,   0,   0,   0,   0,   0,   0],
 [  0,   0,   0,   0,   0,   0,   0,   0,   0,   0,   0,   0,   0,   0,
    0,   0,   0,   0,   0,   0,   0,   1]]
36	0	0.8875	0.8875	0.8875	0.8808
36	1	0.8214	0.8779	0.8487	0.8808
36	2	0.9016	0.9649	0.9322	0.8808
36	3	0.8571	0.9000	0.8780	0.8808
36	4	0.9267	0.9171	0.9219	0.8808
36	5	0.8571	0.7059	0.7742	0.8808
36	6	1.0000	1.0000	1.0000	0.8808
36	7	0.9189	0.9189	0.9189	0.8808
36	8	0.9444	0.9444	0.9444	0.8808
36	9	0.5000	0.4286	0.4615	0.8808
36	10	1.0000	0.9231	0.9600	0.8808
36	11	0.7692	0.8333	0.8000	0.8808
36	12	0.5000	0.6000	0.5455	0.8808
36	13	0.0000	0.0000	0.0000	0.8808
36	14	0.0000	0.0000	0.0000	0.8808
36	15	0.8750	0.7368	0.8000	0.8808
36	16	1.0000	0.8000	0.8889	0.8808
36	17	0.0000	0.0000	0.0000	0.8808
36	18	1.0000	0.3333	0.5000	0.8808
36	19	1.0000	1.0000	1.0000	0.8808
36	20	0.0000	0.0000	0.0000	0.8808
36	21	1.0000	1.0000	1.0000	0.8808
36	22	0.0000	0.0000	0.0000	0.8808
36	23	0.0000	0.0000	0.0000	0.8808
36	24	0.0000	0.0000	0.0000	0.8808

Confusion Matrix for Seed 36:
[[ 71,   4,   1,   0,   2,   1,   0,   0,   0,   0,   0,   1,   0,   0,
    0,   0,   0,   0,   0,   0,   0,   0],
 [  5, 115,   1,   3,   4,   0,   0,   1,   0,   0,   0,   0,   0,   0,
    0,   2,   0,   0,   0,   0,   0,   0],
 [  0,   0,  55,   0,   1,   0,   0,   0,   1,   0,   0,   0,   0,   0,
    0,   0,   0,   0,   0,   0,   0,   0],
 [  0,   4,   1,  54,   0,   0,   0,   0,   0,   0,   0,   1,   0,   0,
    0,   0,   0,   0,   0,   0,   0,   0],
 [  2,  11,   1,   1, 177,   0,   0,   0,   0,   1,   0,   0,   0,   0,
    0,   0,   0,   0,   0,   0,   0,   0],
 [  0,   1,   0,   1,   0,  12,   0,   0,   0,   0,   0,   0,   3,   0,
    0,   0,   0,   0,   0,   0,   0,   0],
 [  0,   0,   0,   0,   0,   0,   1,   0,   0,   0,   0,   0,   0,   0,
    0,   0,   0,   0,   0,   0,   0,   0],
 [  0,   2,   0,   1,   0,   0,   0,  34,   0,   0,   0,   0,   0,   0,
    0,   0,   0,   0,   0,   0,   0,   0],
 [  0,   0,   0,   0,   1,   0,   0,   0,  17,   0,   0,   0,   0,   0,
    0,   0,   0,   0,   0,   0,   0,   0],
 [  0,   1,   0,   0,   3,   0,   0,   0,   0,   3,   0,   0,   0,   0,
    0,   0,   0,   0,   0,   0,   0,   0],
 [  0,   0,   0,   0,   1,   0,   0,   0,   0,   0,  12,   0,   0,   0,
    0,   0,   0,   0,   0,   0,   0,   0],
 [  0,   1,   1,   0,   0,   0,   0,   0,   0,   0,   0,  10,   0,   0,
    0,   0,   0,   0,   0,   0,   0,   0],
 [  0,   0,   0,   1,   1,   0,   0,   0,   0,   0,   0,   0,   3,   0,
    0,   0,   0,   0,   0,   0,   0,   0],
 [  0,   0,   0,   0,   0,   0,   0,   0,   0,   1,   0,   0,   0,   0,
    0,   0,   0,   0,   0,   0,   0,   0],
 [  0,   0,   0,   1,   0,   0,   0,   0,   0,   0,   0,   0,   0,   0,
    0,   0,   0,   0,   0,   0,   0,   0],
 [  1,   1,   0,   0,   1,   1,   0,   1,   0,   0,   0,   0,   0,   0,
    0,  14,   0,   0,   0,   0,   0,   0],
 [  0,   0,   0,   1,   0,   0,   0,   0,   0,   0,   0,   1,   0,   0,
    0,   0,   8,   0,   0,   0,   0,   0],
 [  0,   0,   0,   0,   0,   0,   0,   1,   0,   0,   0,   0,   0,   0,
    0,   0,   0,   0,   0,   0,   0,   0],
 [  1,   0,   1,   0,   0,   0,   0,   0,   0,   0,   0,   0,   0,   0,
    0,   0,   0,   0,   1,   0,   0,   0],
 [  0,   0,   0,   0,   0,   0,   0,   0,   0,   0,   0,   0,   0,   0,
    0,   0,   0,   0,   0,   3,   0,   0],
 [  0,   0,   0,   0,   0,   0,   0,   0,   0,   1,   0,   0,   0,   0,
    0,   0,   0,   0,   0,   0,   0,   0],
 [  0,   0,   0,   0,   0,   0,   0,   0,   0,   0,   0,   0,   0,   0,
    0,   0,   0,   0,   0,   0,   0,   1]]
38	0	0.8478	0.9750	0.9070	0.8942
38	1	0.8871	0.8397	0.8627	0.8942
38	2	0.9074	0.8596	0.8829	0.8942
38	3	0.9455	0.8667	0.9043	0.8942
38	4	0.9130	0.9793	0.9450	0.8942
38	5	0.9412	0.9412	0.9412	0.8942
38	6	1.0000	1.0000	1.0000	0.8942
38	7	0.9118	0.8378	0.8732	0.8942
38	8	1.0000	1.0000	1.0000	0.8942
38	9	0.6667	0.5714	0.6154	0.8942
38	10	1.0000	1.0000	1.0000	0.8942
38	11	1.0000	0.5833	0.7368	0.8942
38	12	0.3333	0.4000	0.3636	0.8942
38	13	0.0000	0.0000	0.0000	0.8942
38	14	1.0000	1.0000	1.0000	0.8942
38	15	0.7391	0.8947	0.8095	0.8942
38	16	0.8889	0.8000	0.8421	0.8942
38	17	0.0000	0.0000	0.0000	0.8942
38	18	1.0000	0.6667	0.8000	0.8942
38	19	1.0000	0.3333	0.5000	0.8942
38	20	0.0000	0.0000	0.0000	0.8942
38	21	1.0000	1.0000	1.0000	0.8942
38	22	0.0000	0.0000	0.0000	0.8942
38	23	0.0000	0.0000	0.0000	0.8942
38	24	0.0000	0.0000	0.0000	0.8942

Confusion Matrix for Seed 38:
[[ 78,   2,   0,   0,   0,   0,   0,   0,   0,   0,   0,   0,   0,   0,
    0,   0,   0,   0,   0,   0,   0,   0],
 [  8, 110,   2,   1,   8,   0,   0,   1,   0,   1,   0,   0,   0,   0,
    0,   0,   0,   0,   0,   0,   0,   0],
 [  2,   0,  49,   0,   5,   0,   0,   0,   0,   0,   0,   0,   0,   0,
    0,   1,   0,   0,   0,   0,   0,   0],
 [  0,   4,   0,  52,   0,   0,   0,   1,   0,   0,   0,   0,   1,   0,
    0,   1,   1,   0,   0,   0,   0,   0],
 [  0,   3,   1,   0, 189,   0,   0,   0,   0,   0,   0,   0,   0,   0,
    0,   0,   0,   0,   0,   0,   0,   0],
 [  0,   0,   0,   0,   0,  16,   0,   0,   0,   0,   0,   0,   1,   0,
    0,   0,   0,   0,   0,   0,   0,   0],
 [  0,   0,   0,   0,   0,   0,   1,   0,   0,   0,   0,   0,   0,   0,
    0,   0,   0,   0,   0,   0,   0,   0],
 [  0,   2,   1,   0,   0,   0,   0,  31,   0,   0,   0,   0,   0,   0,
    0,   3,   0,   0,   0,   0,   0,   0],
 [  0,   0,   0,   0,   0,   0,   0,   0,  18,   0,   0,   0,   0,   0,
    0,   0,   0,   0,   0,   0,   0,   0],
 [  0,   1,   0,   0,   2,   0,   0,   0,   0,   4,   0,   0,   0,   0,
    0,   0,   0,   0,   0,   0,   0,   0],
 [  0,   0,   0,   0,   0,   0,   0,   0,   0,   0,  13,   0,   0,   0,
    0,   0,   0,   0,   0,   0,   0,   0],
 [  4,   0,   0,   0,   1,   0,   0,   0,   0,   0,   0,   7,   0,   0,
    0,   0,   0,   0,   0,   0,   0,   0],
 [  0,   1,   0,   1,   0,   0,   0,   0,   0,   0,   0,   0,   2,   0,
    0,   1,   0,   0,   0,   0,   0,   0],
 [  0,   0,   0,   0,   1,   0,   0,   0,   0,   0,   0,   0,   0,   0,
    0,   0,   0,   0,   0,   0,   0,   0],
 [  0,   0,   0,   0,   0,   0,   0,   0,   0,   0,   0,   0,   0,   0,
    1,   0,   0,   0,   0,   0,   0,   0],
 [  0,   0,   1,   0,   1,   0,   0,   0,   0,   0,   0,   0,   0,   0,
    0,  17,   0,   0,   0,   0,   0,   0],
 [  0,   1,   0,   1,   0,   0,   0,   0,   0,   0,   0,   0,   0,   0,
    0,   0,   8,   0,   0,   0,   0,   0],
 [  0,   0,   0,   0,   0,   0,   0,   1,   0,   0,   0,   0,   0,   0,
    0,   0,   0,   0,   0,   0,   0,   0],
 [  0,   0,   0,   0,   0,   0,   0,   0,   0,   0,   0,   0,   1,   0,
    0,   0,   0,   0,   2,   0,   0,   0],
 [  0,   0,   0,   0,   0,   1,   0,   0,   0,   1,   0,   0,   0,   0,
    0,   0,   0,   0,   0,   1,   0,   0],
 [  0,   0,   0,   0,   0,   0,   0,   0,   0,   0,   0,   0,   1,   0,
    0,   0,   0,   0,   0,   0,   0,   0],
 [  0,   0,   0,   0,   0,   0,   0,   0,   0,   0,   0,   0,   0,   0,
    0,   0,   0,   0,   0,   0,   0,   1]]
40	0	0.8974	0.8750	0.8861	0.8778
40	1	0.8915	0.8779	0.8846	0.8778
40	2	0.8644	0.8947	0.8793	0.8778
40	3	0.8594	0.9167	0.8871	0.8778
40	4	0.9146	0.9430	0.9286	0.8778
40	5	0.7778	0.8235	0.8000	0.8778
40	6	0.0000	0.0000	0.0000	0.8778
40	7	0.9167	0.8919	0.9041	0.8778
40	8	0.8750	0.7778	0.8235	0.8778
40	9	0.6667	0.2857	0.4000	0.8778
40	10	1.0000	0.8462	0.9167	0.8778
40	11	0.6875	0.9167	0.7857	0.8778
40	12	0.4286	0.6000	0.5000	0.8778
40	13	0.0000	0.0000	0.0000	0.8778
40	14	0.0000	0.0000	0.0000	0.8778
40	15	0.7059	0.6316	0.6667	0.8778
40	16	0.9091	1.0000	0.9524	0.8778
40	17	0.0000	0.0000	0.0000	0.8778
40	18	1.0000	0.6667	0.8000	0.8778
40	19	1.0000	1.0000	1.0000	0.8778
40	20	0.0000	0.0000	0.0000	0.8778
40	21	0.5000	1.0000	0.6667	0.8778
40	22	0.0000	0.0000	0.0000	0.8778
40	23	0.0000	0.0000	0.0000	0.8778
40	24	0.0000	0.0000	0.0000	0.8778

Confusion Matrix for Seed 40:
[[ 70,   2,   2,   0,   1,   1,   0,   0,   0,   0,   0,   3,   0,   0,
    0,   1,   0,   0,   0,   0,   0,   0],
 [  6, 115,   0,   3,   6,   0,   0,   0,   0,   0,   0,   0,   0,   0,
    0,   1,   0,   0,   0,   0,   0,   0],
 [  0,   1,  51,   0,   2,   0,   0,   1,   1,   0,   0,   0,   0,   0,
    0,   1,   0,   0,   0,   0,   0,   0],
 [  1,   1,   1,  55,   0,   0,   0,   0,   1,   0,   0,   0,   1,   0,
    0,   0,   0,   0,   0,   0,   0,   0],
 [  0,   7,   0,   1, 182,   0,   0,   1,   0,   1,   0,   0,   0,   0,
    0,   1,   0,   0,   0,   0,   0,   0],
 [  0,   0,   1,   0,   0,  14,   0,   0,   0,   0,   0,   0,   1,   0,
    0,   0,   1,   0,   0,   0,   0,   0],
 [  0,   0,   0,   0,   0,   1,   0,   0,   0,   0,   0,   0,   0,   0,
    0,   0,   0,   0,   0,   0,   0,   0],
 [  0,   0,   1,   3,   0,   0,   0,  33,   0,   0,   0,   0,   0,   0,
    0,   0,   0,   0,   0,   0,   0,   0],
 [  0,   0,   1,   0,   2,   0,   0,   0,  14,   0,   0,   0,   0,   0,
    0,   1,   0,   0,   0,   0,   0,   0],
 [  0,   0,   0,   0,   4,   0,   0,   0,   0,   2,   0,   0,   1,   0,
    0,   0,   0,   0,   0,   0,   0,   0],
 [  0,   1,   0,   0,   0,   0,   0,   0,   0,   0,  11,   0,   1,   0,
    0,   0,   0,   0,   0,   0,   0,   0],
 [  0,   0,   1,   0,   0,   0,   0,   0,   0,   0,   0,  11,   0,   0,
    0,   0,   0,   0,   0,   0,   0,   0],
 [  0,   0,   0,   0,   0,   1,   0,   0,   0,   0,   0,   0,   3,   0,
    0,   0,   0,   0,   0,   0,   0,   1],
 [  0,   1,   0,   0,   0,   0,   0,   0,   0,   0,   0,   0,   0,   0,
    0,   0,   0,   0,   0,   0,   0,   0],
 [  0,   0,   0,   1,   0,   0,   0,   0,   0,   0,   0,   0,   0,   0,
    0,   0,   0,   0,   0,   0,   0,   0],
 [  1,   0,   1,   0,   2,   1,   0,   1,   0,   0,   0,   1,   0,   0,
    0,  12,   0,   0,   0,   0,   0,   0],
 [  0,   0,   0,   0,   0,   0,   0,   0,   0,   0,   0,   0,   0,   0,
    0,   0,  10,   0,   0,   0,   0,   0],
 [  0,   0,   0,   1,   0,   0,   0,   0,   0,   0,   0,   0,   0,   0,
    0,   0,   0,   0,   0,   0,   0,   0],
 [  0,   0,   0,   0,   0,   0,   0,   0,   0,   0,   0,   1,   0,   0,
    0,   0,   0,   0,   2,   0,   0,   0],
 [  0,   0,   0,   0,   0,   0,   0,   0,   0,   0,   0,   0,   0,   0,
    0,   0,   0,   0,   0,   3,   0,   0],
 [  0,   1,   0,   0,   0,   0,   0,   0,   0,   0,   0,   0,   0,   0,
    0,   0,   0,   0,   0,   0,   0,   0],
 [  0,   0,   0,   0,   0,   0,   0,   0,   0,   0,   0,   0,   0,   0,
    0,   0,   0,   0,   0,   0,   0,   1]]
