Seed	Label	Precision	Recall	F1
2	0	0.9136	0.9250	0.9193	0.9404
2	1	0.9313	0.9313	0.9313	0.9404
2	2	0.9310	0.9474	0.9391	0.9404
2	3	0.9500	0.9500	0.9500	0.9404
2	4	0.9526	0.9427	0.9476	0.9404
2	5	1.0000	1.0000	1.0000	0.9404

Confusion Matrix for Seed 2:
[[ 74,   2,   0,   0,   4,   0],
 [  1, 122,   1,   2,   5,   0],
 [  1,   1,  54,   1,   0,   0],
 [  3,   0,   0,  57,   0,   0],
 [  2,   6,   3,   0, 181,   0],
 [  0,   0,   0,   0,   0,  17]]
4	0	0.8506	0.9250	0.8862	0.9199
4	1	0.9000	0.8931	0.8966	0.9199
4	2	0.8947	0.8947	0.8947	0.9199
4	3	0.9138	0.8833	0.8983	0.9199
4	4	0.9683	0.9531	0.9606	0.9199
4	5	1.0000	0.9412	0.9697	0.9199

Confusion Matrix for Seed 4:
[[ 74,   1,   2,   1,   2,   0],
 [  7, 117,   3,   3,   1,   0],
 [  2,   1,  51,   0,   3,   0],
 [  3,   4,   0,  53,   0,   0],
 [  1,   7,   1,   0, 183,   0],
 [  0,   0,   0,   1,   0,  16]]
6	0	0.8810	0.9250	0.9024	0.9199
6	1	0.9032	0.8550	0.8784	0.9199
6	2	0.9273	0.8947	0.9107	0.9199
6	3	0.9048	0.9500	0.9268	0.9199
6	4	0.9433	0.9531	0.9482	0.9199
6	5	1.0000	1.0000	1.0000	0.9199

Confusion Matrix for Seed 6:
[[ 74,   5,   0,   1,   0,   0],
 [  7, 112,   2,   3,   7,   0],
 [  2,   0,  51,   0,   4,   0],
 [  1,   1,   1,  57,   0,   0],
 [  0,   6,   1,   2, 183,   0],
 [  0,   0,   0,   0,   0,  17]]
8	0	0.9324	0.8625	0.8961	0.9106
8	1	0.8489	0.9008	0.8741	0.9106
8	2	0.9153	0.9474	0.9310	0.9106
8	3	0.8793	0.8500	0.8644	0.9106
8	4	0.9474	0.9375	0.9424	0.9106
8	5	1.0000	1.0000	1.0000	0.9106

Confusion Matrix for Seed 8:
[[ 69,   7,   1,   2,   1,   0],
 [  4, 118,   0,   3,   6,   0],
 [  0,   1,  54,   1,   1,   0],
 [  0,   4,   3,  51,   2,   0],
 [  1,   9,   1,   1, 180,   0],
 [  0,   0,   0,   0,   0,  17]]
10	0	0.9136	0.9250	0.9193	0.8976
10	1	0.8538	0.8473	0.8506	0.8976
10	2	0.8462	0.9649	0.9016	0.8976
10	3	0.8909	0.8167	0.8522	0.8976
10	4	0.9312	0.9167	0.9239	0.8976
10	5	1.0000	1.0000	1.0000	0.8976

Confusion Matrix for Seed 10:
[[ 74,   3,   1,   2,   0,   0],
 [  5, 111,   2,   2,  11,   0],
 [  1,   1,  55,   0,   0,   0],
 [  1,   7,   1,  49,   2,   0],
 [  0,   8,   6,   2, 176,   0],
 [  0,   0,   0,   0,   0,  17]]
12	0	0.9241	0.9125	0.9182	0.9255
12	1	0.9120	0.8702	0.8906	0.9255
12	2	0.9444	0.8947	0.9189	0.9255
12	3	0.9500	0.9500	0.9500	0.9255
12	4	0.9158	0.9635	0.9391	0.9255
12	5	1.0000	1.0000	1.0000	0.9255

Confusion Matrix for Seed 12:
[[ 73,   4,   2,   1,   0,   0],
 [  5, 114,   0,   1,  11,   0],
 [  1,   0,  51,   0,   5,   0],
 [  0,   2,   0,  57,   1,   0],
 [  0,   5,   1,   1, 185,   0],
 [  0,   0,   0,   0,   0,  17]]
14	0	0.9512	0.9750	0.9630	0.9404
14	1	0.9508	0.8855	0.9170	0.9404
14	2	0.8833	0.9298	0.9060	0.9404
14	3	0.9344	0.9500	0.9421	0.9404
14	4	0.9436	0.9583	0.9509	0.9404
14	5	1.0000	1.0000	1.0000	0.9404

Confusion Matrix for Seed 14:
[[ 78,   1,   0,   1,   0,   0],
 [  4, 116,   3,   1,   7,   0],
 [  0,   0,  53,   1,   3,   0],
 [  0,   1,   1,  57,   1,   0],
 [  0,   4,   3,   1, 184,   0],
 [  0,   0,   0,   0,   0,  17]]
16	0	0.9241	0.9125	0.9182	0.9050
16	1	0.8672	0.8473	0.8571	0.9050
16	2	0.8525	0.9123	0.8814	0.9050
16	3	0.8689	0.8833	0.8760	0.9050
16	4	0.9424	0.9375	0.9399	0.9050
16	5	1.0000	1.0000	1.0000	0.9050

Confusion Matrix for Seed 16:
[[ 73,   4,   1,   2,   0,   0],
 [  5, 111,   3,   3,   9,   0],
 [  1,   1,  52,   1,   2,   0],
 [  0,   6,   1,  53,   0,   0],
 [  0,   6,   4,   2, 180,   0],
 [  0,   0,   0,   0,   0,  17]]
18	0	0.8929	0.9375	0.9146	0.9106
18	1	0.8769	0.8702	0.8736	0.9106
18	2	0.8889	0.8421	0.8649	0.9106
18	3	0.9423	0.8167	0.8750	0.9106
18	4	0.9300	0.9688	0.9490	0.9106
18	5	1.0000	1.0000	1.0000	0.9106

Confusion Matrix for Seed 18:
[[ 75,   5,   0,   0,   0,   0],
 [  5, 114,   3,   1,   8,   0],
 [  2,   2,  48,   1,   4,   0],
 [  2,   6,   1,  49,   2,   0],
 [  0,   3,   2,   1, 186,   0],
 [  0,   0,   0,   0,   0,  17]]
20	0	0.9740	0.9375	0.9554	0.9311
20	1	0.9055	0.8779	0.8915	0.9311
20	2	0.9123	0.9123	0.9123	0.9311
20	3	0.9492	0.9333	0.9412	0.9311
20	4	0.9250	0.9635	0.9439	0.9311
20	5	1.0000	1.0000	1.0000	0.9311

Confusion Matrix for Seed 20:
[[ 75,   3,   2,   0,   0,   0],
 [  2, 115,   0,   1,  13,   0],
 [  0,   3,  52,   0,   2,   0],
 [  0,   3,   1,  56,   0,   0],
 [  0,   3,   2,   2, 185,   0],
 [  0,   0,   0,   0,   0,  17]]
22	0	0.9474	0.9000	0.9231	0.9274
22	1	0.8815	0.9084	0.8947	0.9274
22	2	0.9474	0.9474	0.9474	0.9274
22	3	0.8983	0.8833	0.8908	0.9274
22	4	0.9531	0.9531	0.9531	0.9274
22	5	0.9444	1.0000	0.9714	0.9274

Confusion Matrix for Seed 22:
[[ 72,   5,   0,   3,   0,   0],
 [  3, 119,   2,   2,   5,   0],
 [  0,   1,  54,   0,   1,   1],
 [  1,   3,   0,  53,   3,   0],
 [  0,   7,   1,   1, 183,   0],
 [  0,   0,   0,   0,   0,  17]]
24	0	0.9036	0.9375	0.9202	0.9143
24	1	0.9048	0.8702	0.8872	0.9143
24	2	0.8548	0.9298	0.8908	0.9143
24	3	0.8966	0.8667	0.8814	0.9143
24	4	0.9427	0.9427	0.9427	0.9143
24	5	1.0000	0.9412	0.9697	0.9143

Confusion Matrix for Seed 24:
[[ 75,   3,   1,   1,   0,   0],
 [  3, 114,   5,   1,   8,   0],
 [  0,   4,  53,   0,   0,   0],
 [  3,   2,   0,  52,   3,   0],
 [  1,   3,   3,   4, 181,   0],
 [  1,   0,   0,   0,   0,  16]]
26	0	0.9615	0.9375	0.9494	0.9330
26	1	0.9268	0.8702	0.8976	0.9330
26	2	0.9464	0.9298	0.9381	0.9330
26	3	0.8636	0.9500	0.9048	0.9330
26	4	0.9439	0.9635	0.9536	0.9330
26	5	0.9444	1.0000	0.9714	0.9330

Confusion Matrix for Seed 26:
[[ 75,   3,   0,   1,   0,   1],
 [  1, 114,   1,   7,   8,   0],
 [  2,   1,  53,   0,   1,   0],
 [  0,   1,   0,  57,   2,   0],
 [  0,   4,   2,   1, 185,   0],
 [  0,   0,   0,   0,   0,  17]]
28	0	0.9189	0.8500	0.8831	0.9199
28	1	0.8731	0.8931	0.8830	0.9199
28	2	0.9123	0.9123	0.9123	0.9199
28	3	0.8871	0.9167	0.9016	0.9199
28	4	0.9637	0.9688	0.9662	0.9199
28	5	0.9412	0.9412	0.9412	0.9199

Confusion Matrix for Seed 28:
[[ 68,   9,   0,   1,   2,   0],
 [  3, 117,   5,   5,   1,   0],
 [  1,   0,  52,   1,   3,   0],
 [  1,   3,   0,  55,   1,   0],
 [  0,   5,   0,   0, 186,   1],
 [  1,   0,   0,   0,   0,  16]]
30	0	0.9367	0.9250	0.9308	0.9069
30	1	0.8252	0.9008	0.8613	0.9069
30	2	0.9792	0.8246	0.8952	0.9069
30	3	0.8966	0.8667	0.8814	0.9069
30	4	0.9330	0.9427	0.9378	0.9069
30	5	1.0000	0.8824	0.9375	0.9069

Confusion Matrix for Seed 30:
[[ 74,   4,   0,   1,   1,   0],
 [  0, 118,   0,   4,   9,   0],
 [  4,   3,  47,   1,   2,   0],
 [  0,   6,   1,  52,   1,   0],
 [  0,  11,   0,   0, 181,   0],
 [  1,   1,   0,   0,   0,  15]]
32	0	0.9474	0.9000	0.9231	0.9199
32	1	0.8898	0.8626	0.8760	0.9199
32	2	0.8814	0.9123	0.8966	0.9199
32	3	0.9062	0.9667	0.9355	0.9199
32	4	0.9381	0.9479	0.9430	0.9199
32	5	1.0000	1.0000	1.0000	0.9199

Confusion Matrix for Seed 32:
[[ 72,   6,   2,   0,   0,   0],
 [  3, 113,   1,   4,  10,   0],
 [  1,   2,  52,   1,   1,   0],
 [  0,   1,   0,  58,   1,   0],
 [  0,   5,   4,   1, 182,   0],
 [  0,   0,   0,   0,   0,  17]]
34	0	0.9091	0.8750	0.8917	0.9218
34	1	0.8788	0.8855	0.8821	0.9218
34	2	0.9615	0.8772	0.9174	0.9218
34	3	0.9474	0.9000	0.9231	0.9218
34	4	0.9307	0.9792	0.9543	0.9218
34	5	1.0000	1.0000	1.0000	0.9218

Confusion Matrix for Seed 34:
[[ 70,   7,   0,   0,   3,   0],
 [  6, 116,   1,   3,   5,   0],
 [  1,   0,  50,   0,   6,   0],
 [  0,   6,   0,  54,   0,   0],
 [  0,   3,   1,   0, 188,   0],
 [  0,   0,   0,   0,   0,  17]]
36	0	0.9178	0.8375	0.8758	0.9106
36	1	0.8252	0.9008	0.8613	0.9106
36	2	0.9483	0.9649	0.9565	0.9106
36	3	0.9016	0.9167	0.9091	0.9106
36	4	0.9622	0.9271	0.9443	0.9106
36	5	0.9412	0.9412	0.9412	0.9106

Confusion Matrix for Seed 36:
[[ 67,   8,   0,   2,   2,   1],
 [  4, 118,   2,   3,   4,   0],
 [  0,   1,  55,   0,   1,   0],
 [  0,   5,   0,  55,   0,   0],
 [  2,  10,   1,   1, 178,   0],
 [  0,   1,   0,   0,   0,  16]]
38	0	0.8736	0.9500	0.9102	0.9292
38	1	0.9062	0.8855	0.8958	0.9292
38	2	0.9091	0.8772	0.8929	0.9292
38	3	0.9818	0.9000	0.9391	0.9292
38	4	0.9541	0.9740	0.9639	0.9292
38	5	1.0000	0.9412	0.9697	0.9292

Confusion Matrix for Seed 38:
[[ 76,   4,   0,   0,   0,   0],
 [  7, 116,   3,   1,   4,   0],
 [  2,   1,  50,   0,   4,   0],
 [  1,   3,   1,  54,   1,   0],
 [  0,   4,   1,   0, 187,   0],
 [  1,   0,   0,   0,   0,  16]]
40	0	0.8810	0.9250	0.9024	0.9218
40	1	0.8855	0.8855	0.8855	0.9218
40	2	0.9273	0.8947	0.9107	0.9218
40	3	0.9153	0.9000	0.9076	0.9218
40	4	0.9583	0.9583	0.9583	0.9218
40	5	1.0000	0.9412	0.9697	0.9218

Confusion Matrix for Seed 40:
[[ 74,   4,   0,   1,   1,   0],
 [  6, 116,   1,   3,   5,   0],
 [  3,   1,  51,   0,   2,   0],
 [  1,   3,   2,  54,   0,   0],
 [  0,   7,   0,   1, 184,   0],
 [  0,   0,   1,   0,   0,  16]]
