Seed	Label	Precision	Recall	F1	Accuracy
2	0	0.7170	0.6552	0.6847	0.6871
2	1	0.6545	0.7660	0.7059	0.6871
2	2	0.6923	0.6429	0.6667	0.6871

Confusion Matrix for Seed 2:
[[38, 14,  6],
 [ 5, 36,  6],
 [10,  5, 27]]
4	0	0.7833	0.8103	0.7966	0.8027
4	1	0.7636	0.8936	0.8235	0.8027
4	2	0.9062	0.6905	0.7838	0.8027

Confusion Matrix for Seed 4:
[[47,  9,  2],
 [ 4, 42,  1],
 [ 9,  4, 29]]
6	0	0.6984	0.7586	0.7273	0.7619
6	1	0.8235	0.8936	0.8571	0.7619
6	2	0.7879	0.6190	0.6933	0.7619

Confusion Matrix for Seed 6:
[[44,  7,  7],
 [ 5, 42,  0],
 [14,  2, 26]]
8	0	0.7818	0.7414	0.7611	0.7687
8	1	0.8039	0.8723	0.8367	0.7687
8	2	0.7073	0.6905	0.6988	0.7687

Confusion Matrix for Seed 8:
[[43,  6,  9],
 [ 3, 41,  3],
 [ 9,  4, 29]]
10	0	0.7188	0.7931	0.7541	0.7211
10	1	0.7451	0.8085	0.7755	0.7211
10	2	0.6875	0.5238	0.5946	0.7211

Confusion Matrix for Seed 10:
[[46,  5,  7],
 [ 6, 38,  3],
 [12,  8, 22]]
12	0	0.7538	0.8448	0.7967	0.7687
12	1	0.7872	0.7872	0.7872	0.7687
12	2	0.7714	0.6429	0.7013	0.7687

Confusion Matrix for Seed 12:
[[49,  7,  2],
 [ 4, 37,  6],
 [12,  3, 27]]
14	0	0.7963	0.7414	0.7679	0.7415
14	1	0.7170	0.8085	0.7600	0.7415
14	2	0.7000	0.6667	0.6829	0.7415

Confusion Matrix for Seed 14:
[[43, 10,  5],
 [ 2, 38,  7],
 [ 9,  5, 28]]
16	0	0.6825	0.7414	0.7107	0.7075
16	1	0.7255	0.7872	0.7551	0.7075
16	2	0.7273	0.5714	0.6400	0.7075

Confusion Matrix for Seed 16:
[[43,  8,  7],
 [ 8, 37,  2],
 [12,  6, 24]]
18	0	0.8113	0.7414	0.7748	0.7075
18	1	0.6809	0.6809	0.6809	0.7075
18	2	0.6170	0.6905	0.6517	0.7075

Confusion Matrix for Seed 18:
[[43,  6,  9],
 [ 6, 32,  9],
 [ 4,  9, 29]]
20	0	0.7143	0.7759	0.7438	0.7211
20	1	0.7647	0.8298	0.7959	0.7211
20	2	0.6667	0.5238	0.5867	0.7211

Confusion Matrix for Seed 20:
[[45,  8,  5],
 [ 2, 39,  6],
 [16,  4, 22]]
22	0	0.8000	0.6897	0.7407	0.7143
22	1	0.6727	0.7872	0.7255	0.7143
22	2	0.6667	0.6667	0.6667	0.7143

Confusion Matrix for Seed 22:
[[40, 10,  8],
 [ 4, 37,  6],
 [ 6,  8, 28]]
24	0	0.7541	0.7931	0.7731	0.7211
24	1	0.6939	0.7234	0.7083	0.7211
24	2	0.7027	0.6190	0.6582	0.7211

Confusion Matrix for Seed 24:
[[46,  7,  5],
 [ 7, 34,  6],
 [ 8,  8, 26]]
26	0	0.7500	0.7241	0.7368	0.7483
26	1	0.7368	0.8936	0.8077	0.7483
26	2	0.7647	0.6190	0.6842	0.7483

Confusion Matrix for Seed 26:
[[42, 10,  6],
 [ 3, 42,  2],
 [11,  5, 26]]
28	0	0.8571	0.8276	0.8421	0.7755
28	1	0.6780	0.8511	0.7547	0.7755
28	2	0.8125	0.6190	0.7027	0.7755

Confusion Matrix for Seed 28:
[[48,  9,  1],
 [ 2, 40,  5],
 [ 6, 10, 26]]
30	0	0.7273	0.8276	0.7742	0.7415
30	1	0.7358	0.8298	0.7800	0.7415
30	2	0.7857	0.5238	0.6286	0.7415

Confusion Matrix for Seed 30:
[[48,  7,  3],
 [ 5, 39,  3],
 [13,  7, 22]]
32	0	0.7377	0.7759	0.7563	0.7415
32	1	0.7407	0.8511	0.7921	0.7415
32	2	0.7500	0.5714	0.6486	0.7415

Confusion Matrix for Seed 32:
[[45,  9,  4],
 [ 3, 40,  4],
 [13,  5, 24]]
34	0	0.7903	0.8448	0.8167	0.7823
34	1	0.7636	0.8936	0.8235	0.7823
34	2	0.8000	0.5714	0.6667	0.7823

Confusion Matrix for Seed 34:
[[49,  6,  3],
 [ 2, 42,  3],
 [11,  7, 24]]
36	0	0.7963	0.7414	0.7679	0.7075
36	1	0.6500	0.8298	0.7290	0.7075
36	2	0.6667	0.5238	0.5867	0.7075

Confusion Matrix for Seed 36:
[[43,  8,  7],
 [ 4, 39,  4],
 [ 7, 13, 22]]
38	0	0.7119	0.7241	0.7179	0.7075
38	1	0.7000	0.7447	0.7216	0.7075
38	2	0.7105	0.6429	0.6750	0.7075

Confusion Matrix for Seed 38:
[[42, 10,  6],
 [ 7, 35,  5],
 [10,  5, 27]]
40	0	0.6716	0.7759	0.7200	0.6803
40	1	0.6667	0.6809	0.6737	0.6803
40	2	0.7188	0.5476	0.6216	0.6803

Confusion Matrix for Seed 40:
[[45,  9,  4],
 [10, 32,  5],
 [12,  7, 23]]
