Seed	Label	Precision	Recall	F1	Accuracy
2	0	0.9221	0.8875	0.9045	0.9181
2	1	0.9286	0.8931	0.9105	0.9181
2	2	0.8254	0.9123	0.8667	0.9181
2	3	0.8750	0.9333	0.9032	0.9181
2	4	0.9474	0.9375	0.9424	0.9181
2	5	1.0000	1.0000	1.0000	0.9181

Confusion Matrix for Seed 2:
[[ 71,   1,   4,   3,   1,   0],
 [  2, 117,   2,   3,   7,   0],
 [  1,   1,  52,   2,   1,   0],
 [  2,   1,   0,  56,   1,   0],
 [  1,   6,   5,   0, 180,   0],
 [  0,   0,   0,   0,   0,  17]]
4	0	0.8642	0.8750	0.8696	0.9069
4	1	0.8636	0.8702	0.8669	0.9069
4	2	0.8095	0.8947	0.8500	0.9069
4	3	0.9298	0.8833	0.9060	0.9069
4	4	0.9733	0.9479	0.9604	0.9069
4	5	1.0000	1.0000	1.0000	0.9069

Confusion Matrix for Seed 4:
[[ 70,   3,   5,   1,   1,   0],
 [  7, 114,   6,   3,   1,   0],
 [  1,   3,  51,   0,   2,   0],
 [  2,   4,   0,  53,   1,   0],
 [  1,   8,   1,   0, 182,   0],
 [  0,   0,   0,   0,   0,  17]]
6	0	0.9315	0.8500	0.8889	0.8994
6	1	0.8828	0.8626	0.8726	0.8994
6	2	0.7966	0.8246	0.8103	0.8994
6	3	0.8983	0.8833	0.8908	0.8994
6	4	0.9343	0.9635	0.9487	0.8994
6	5	0.8500	1.0000	0.9189	0.8994

Confusion Matrix for Seed 6:
[[ 68,   2,   7,   1,   0,   2],
 [  2, 113,   4,   4,   8,   0],
 [  1,   4,  47,   0,   5,   0],
 [  2,   3,   1,  53,   0,   1],
 [  0,   6,   0,   1, 185,   0],
 [  0,   0,   0,   0,   0,  17]]
8	0	0.9028	0.8125	0.8553	0.8957
8	1	0.8741	0.9008	0.8872	0.8957
8	2	0.7879	0.9123	0.8455	0.8957
8	3	0.9074	0.8167	0.8596	0.8957
8	4	0.9375	0.9375	0.9375	0.8957
8	5	0.9444	1.0000	0.9714	0.8957

Confusion Matrix for Seed 8:
[[ 65,   4,   9,   0,   1,   1],
 [  3, 118,   1,   2,   7,   0],
 [  1,   1,  52,   1,   2,   0],
 [  2,   6,   1,  49,   2,   0],
 [  1,   6,   3,   2, 180,   0],
 [  0,   0,   0,   0,   0,  17]]
10	0	0.9178	0.8375	0.8758	0.8901
10	1	0.8433	0.8626	0.8528	0.8901
10	2	0.8226	0.8947	0.8571	0.8901
10	3	0.8947	0.8500	0.8718	0.8901
10	4	0.9227	0.9323	0.9275	0.8901
10	5	1.0000	1.0000	1.0000	0.8901

Confusion Matrix for Seed 10:
[[ 67,   6,   5,   2,   0,   0],
 [  3, 113,   2,   2,  11,   0],
 [  2,   2,  51,   0,   2,   0],
 [  1,   5,   1,  51,   2,   0],
 [  0,   8,   3,   2, 179,   0],
 [  0,   0,   0,   0,   0,  17]]
12	0	0.9125	0.9125	0.9125	0.9125
12	1	0.9237	0.8321	0.8755	0.9125
12	2	0.9123	0.9123	0.9123	0.9125
12	3	0.9153	0.9000	0.9076	0.9125
12	4	0.9069	0.9635	0.9343	0.9125
12	5	0.8947	1.0000	0.9444	0.9125

Confusion Matrix for Seed 12:
[[ 73,   2,   4,   0,   0,   1],
 [  5, 109,   0,   1,  15,   1],
 [  0,   2,  52,   1,   2,   0],
 [  2,   1,   1,  54,   2,   0],
 [  0,   4,   0,   3, 185,   0],
 [  0,   0,   0,   0,   0,  17]]
14	0	0.9342	0.8875	0.9103	0.9143
14	1	0.9106	0.8550	0.8819	0.9143
14	2	0.8125	0.9123	0.8595	0.9143
14	3	0.8871	0.9167	0.9016	0.9143
14	4	0.9485	0.9583	0.9534	0.9143
14	5	0.9444	1.0000	0.9714	0.9143

Confusion Matrix for Seed 14:
[[ 71,   4,   3,   2,   0,   0],
 [  4, 112,   5,   3,   7,   0],
 [  0,   0,  52,   1,   3,   1],
 [  1,   2,   2,  55,   0,   0],
 [  0,   5,   2,   1, 184,   0],
 [  0,   0,   0,   0,   0,  17]]
16	0	0.9231	0.9000	0.9114	0.8920
16	1	0.8780	0.8244	0.8504	0.8920
16	2	0.7826	0.9474	0.8571	0.8920
16	3	0.8475	0.8333	0.8403	0.8920
16	4	0.9372	0.9323	0.9347	0.8920
16	5	0.9412	0.9412	0.9412	0.8920

Confusion Matrix for Seed 16:
[[ 72,   2,   4,   1,   0,   1],
 [  6, 108,   4,   4,   9,   0],
 [  0,   1,  54,   0,   2,   0],
 [  0,   7,   2,  50,   1,   0],
 [  0,   5,   5,   3, 179,   0],
 [  0,   0,   0,   1,   0,  16]]
18	0	0.8810	0.9250	0.9024	0.8957
18	1	0.9055	0.8779	0.8915	0.8957
18	2	0.7500	0.8421	0.7934	0.8957
18	3	0.9231	0.8000	0.8571	0.8957
18	4	0.9278	0.9375	0.9326	0.8957
18	5	1.0000	0.9412	0.9697	0.8957

Confusion Matrix for Seed 18:
[[ 74,   2,   4,   0,   0,   0],
 [  4, 115,   2,   3,   7,   0],
 [  2,   2,  48,   0,   5,   0],
 [  3,   3,   4,  48,   2,   0],
 [  0,   5,   6,   1, 180,   0],
 [  1,   0,   0,   0,   0,  16]]
20	0	0.9487	0.9250	0.9367	0.9218
20	1	0.8976	0.8702	0.8837	0.9218
20	2	0.8814	0.9123	0.8966	0.9218
20	3	0.9483	0.9167	0.9322	0.9218
20	4	0.9242	0.9531	0.9385	0.9218
20	5	1.0000	1.0000	1.0000	0.9218

Confusion Matrix for Seed 20:
[[ 74,   2,   4,   0,   0,   0],
 [  3, 114,   1,   1,  12,   0],
 [  0,   2,  52,   0,   3,   0],
 [  1,   4,   0,  55,   0,   0],
 [  0,   5,   2,   2, 183,   0],
 [  0,   0,   0,   0,   0,  17]]
22	0	0.9067	0.8500	0.8774	0.9050
22	1	0.8582	0.9237	0.8897	0.9050
22	2	0.8448	0.8596	0.8522	0.9050
22	3	0.8966	0.8667	0.8814	0.9050
22	4	0.9529	0.9479	0.9504	0.9050
22	5	1.0000	0.8235	0.9032	0.9050

Confusion Matrix for Seed 22:
[[ 68,   5,   5,   2,   0,   0],
 [  4, 121,   1,   1,   4,   0],
 [  1,   5,  49,   0,   2,   0],
 [  1,   4,   0,  52,   3,   0],
 [  0,   6,   3,   1, 182,   0],
 [  1,   0,   0,   2,   0,  14]]
24	0	0.8851	0.9625	0.9222	0.9143
24	1	0.8810	0.8473	0.8638	0.9143
24	2	0.8525	0.9123	0.8814	0.9143
24	3	0.9310	0.9000	0.9153	0.9143
24	4	0.9574	0.9375	0.9474	0.9143
24	5	1.0000	1.0000	1.0000	0.9143

Confusion Matrix for Seed 24:
[[ 77,   1,   2,   0,   0,   0],
 [  7, 111,   5,   2,   6,   0],
 [  1,   2,  52,   0,   2,   0],
 [  0,   6,   0,  54,   0,   0],
 [  2,   6,   2,   2, 180,   0],
 [  0,   0,   0,   0,   0,  17]]
26	0	0.9452	0.8625	0.9020	0.9106
26	1	0.8571	0.8702	0.8636	0.9106
26	2	0.8413	0.9298	0.8833	0.9106
26	3	0.8852	0.9000	0.8926	0.9106
26	4	0.9579	0.9479	0.9529	0.9106
26	5	1.0000	1.0000	1.0000	0.9106

Confusion Matrix for Seed 26:
[[ 69,   9,   2,   0,   0,   0],
 [  4, 114,   2,   4,   7,   0],
 [  0,   3,  53,   1,   0,   0],
 [  0,   2,   3,  54,   1,   0],
 [  0,   5,   3,   2, 182,   0],
 [  0,   0,   0,   0,   0,  17]]
28	0	0.9420	0.8125	0.8725	0.9143
28	1	0.8511	0.9160	0.8824	0.9143
28	2	0.9074	0.8596	0.8829	0.9143
28	3	0.9310	0.9000	0.9153	0.9143
28	4	0.9492	0.9740	0.9614	0.9143
28	5	0.8889	0.9412	0.9143	0.9143

Confusion Matrix for Seed 28:
[[ 65,  10,   2,   0,   2,   1],
 [  2, 120,   3,   3,   2,   1],
 [  1,   0,  49,   1,   6,   0],
 [  0,   6,   0,  54,   0,   0],
 [  0,   5,   0,   0, 187,   0],
 [  1,   0,   0,   0,   0,  16]]
30	0	0.8961	0.8625	0.8790	0.9032
30	1	0.8613	0.9008	0.8806	0.9032
30	2	0.8000	0.8421	0.8205	0.9032
30	3	0.9464	0.8833	0.9138	0.9032
30	4	0.9476	0.9427	0.9452	0.9032
30	5	1.0000	0.9412	0.9697	0.9032

Confusion Matrix for Seed 30:
[[ 69,   4,   6,   0,   1,   0],
 [  0, 118,   3,   3,   7,   0],
 [  6,   1,  48,   0,   2,   0],
 [  1,   5,   1,  53,   0,   0],
 [  0,   9,   2,   0, 181,   0],
 [  1,   0,   0,   0,   0,  16]]
32	0	0.9221	0.8875	0.9045	0.9143
32	1	0.8741	0.9008	0.8872	0.9143
32	2	0.8125	0.9123	0.8595	0.9143
32	3	0.9474	0.9000	0.9231	0.9143
32	4	0.9572	0.9323	0.9446	0.9143
32	5	1.0000	1.0000	1.0000	0.9143

Confusion Matrix for Seed 32:
[[ 71,   4,   5,   0,   0,   0],
 [  5, 118,   0,   2,   6,   0],
 [  1,   2,  52,   0,   2,   0],
 [  0,   5,   1,  54,   0,   0],
 [  0,   6,   6,   1, 179,   0],
 [  0,   0,   0,   0,   0,  17]]
34	0	0.9444	0.8500	0.8947	0.9125
34	1	0.8923	0.8855	0.8889	0.9125
34	2	0.8519	0.8070	0.8288	0.9125
34	3	0.9649	0.9167	0.9402	0.9125
34	4	0.9216	0.9792	0.9495	0.9125
34	5	0.8500	1.0000	0.9189	0.9125

Confusion Matrix for Seed 34:
[[ 68,   3,   7,   1,   1,   0],
 [  4, 116,   1,   1,   8,   1],
 [  0,   2,  46,   0,   7,   2],
 [  0,   5,   0,  55,   0,   0],
 [  0,   4,   0,   0, 188,   0],
 [  0,   0,   0,   0,   0,  17]]
36	0	0.8800	0.8250	0.8516	0.8864
36	1	0.8397	0.8397	0.8397	0.8864
36	2	0.8000	0.9123	0.8525	0.8864
36	3	0.9138	0.8833	0.8983	0.8864
36	4	0.9368	0.9271	0.9319	0.8864
36	5	0.9444	1.0000	0.9714	0.8864

Confusion Matrix for Seed 36:
[[ 66,   7,   4,   0,   2,   1],
 [  4, 110,   5,   4,   8,   0],
 [  2,   1,  52,   0,   2,   0],
 [  1,   4,   2,  53,   0,   0],
 [  2,   9,   2,   1, 178,   0],
 [  0,   0,   0,   0,   0,  17]]
38	0	0.8941	0.9500	0.9212	0.9274
38	1	0.9262	0.8626	0.8933	0.9274
38	2	0.8667	0.9123	0.8889	0.9274
38	3	0.9630	0.8667	0.9123	0.9274
38	4	0.9450	0.9844	0.9643	0.9274
38	5	1.0000	0.9412	0.9697	0.9274

Confusion Matrix for Seed 38:
[[ 76,   1,   3,   0,   0,   0],
 [  6, 113,   3,   2,   7,   0],
 [  1,   1,  52,   0,   3,   0],
 [  1,   5,   1,  52,   1,   0],
 [  0,   2,   1,   0, 189,   0],
 [  1,   0,   0,   0,   0,  16]]
40	0	0.8272	0.8375	0.8323	0.8957
40	1	0.8810	0.8473	0.8638	0.8957
40	2	0.8621	0.8772	0.8696	0.8957
40	3	0.8594	0.9167	0.8871	0.8957
40	4	0.9479	0.9479	0.9479	0.8957
40	5	1.0000	0.9412	0.9697	0.8957

Confusion Matrix for Seed 40:
[[ 67,   4,   5,   2,   2,   0],
 [  7, 111,   1,   6,   6,   0],
 [  4,   1,  50,   0,   2,   0],
 [  3,   1,   1,  55,   0,   0],
 [  0,   9,   0,   1, 182,   0],
 [  0,   0,   1,   0,   0,  16]]
