Seed	Label	Precision	Recall	F1	Accuracy
2	0	0.6290	0.6724	0.6500	0.6681
2	1	0.6275	0.6809	0.6531	0.6681
2	2	0.7059	0.5714	0.6316	0.6681
2	3	0.7143	0.7692	0.7407	0.6681
2	4	0.7692	0.8333	0.8000	0.6681
2	5	0.9091	0.9091	0.9091	0.6681
2	6	0.8750	0.7000	0.7778	0.6681
2	7	0.7143	0.8333	0.7692	0.6681
2	8	0.6667	1.0000	0.8000	0.6681
2	9	0.6667	0.6667	0.6667	0.6681
2	10	1.0000	0.6667	0.8000	0.6681
2	11	0.0000	0.0000	0.0000	0.6681
2	12	1.0000	0.5000	0.6667	0.6681
2	13	1.0000	0.5000	0.6667	0.6681
2	14	0.0000	0.0000	0.0000	0.6681
2	15	0.2000	1.0000	0.3333	0.6681
2	16	0.3333	1.0000	0.5000	0.6681
2	17	0.0000	0.0000	0.0000	0.6681
2	18	1.0000	1.0000	1.0000	0.6681
2	19	1.0000	1.0000	1.0000	0.6681
2	20	0.0000	0.0000	0.0000	0.6681
2	21	0.0000	0.0000	0.0000	0.6681
2	22	0.0000	0.0000	0.0000	0.6681
2	23	0.0000	0.0000	0.0000	0.6681
2	24	0.0000	0.0000	0.0000	0.6681

Confusion Matrix for Seed 2:
[[39, 10,  5,  0,  1,  0,  1,  0,  0,  0,  0,  1,  0,  0,  0,  1,  0,  0,
   0,  0,  0,  0,  0,  0,  0],
 [ 6, 32,  3,  1,  1,  0,  0,  0,  0,  1,  0,  2,  0,  0,  0,  1,  0,  0,
   0,  0,  0,  0,  0,  0,  0],
 [13,  2, 24,  0,  0,  0,  0,  2,  0,  0,  0,  0,  0,  0,  0,  0,  1,  0,
   0,  0,  0,  0,  0,  0,  0],
 [ 1,  2,  0, 10,  0,  0,  0,  0,  0,  0,  0,  0,  0,  0,  0,  0,  0,  0,
   0,  0,  0,  0,  0,  0,  0],
 [ 0,  0,  0,  1, 10,  0,  0,  0,  0,  0,  0,  0,  0,  0,  0,  1,  0,  0,
   0,  0,  0,  0,  0,  0,  0],
 [ 0,  0,  0,  0,  0, 10,  0,  0,  0,  0,  0,  0,  0,  0,  0,  1,  0,  0,
   0,  0,  0,  0,  0,  0,  0],
 [ 0,  2,  0,  0,  0,  1,  7,  0,  0,  0,  0,  0,  0,  0,  0,  0,  0,  0,
   0,  0,  0,  0,  0,  0,  0],
 [ 0,  1,  0,  0,  0,  0,  0,  5,  0,  0,  0,  0,  0,  0,  0,  0,  0,  0,
   0,  0,  0,  0,  0,  0,  0],
 [ 0,  0,  0,  0,  0,  0,  0,  0,  4,  0,  0,  0,  0,  0,  0,  0,  0,  0,
   0,  0,  0,  0,  0,  0,  0],
 [ 0,  0,  0,  0,  0,  0,  0,  0,  1,  2,  0,  0,  0,  0,  0,  0,  0,  0,
   0,  0,  0,  0,  0,  0,  0],
 [ 1,  0,  0,  0,  0,  0,  0,  0,  0,  0,  2,  0,  0,  0,  0,  0,  0,  0,
   0,  0,  0,  0,  0,  0,  0],
 [ 0,  0,  0,  0,  1,  0,  0,  0,  0,  0,  0,  0,  0,  0,  0,  0,  1,  0,
   0,  0,  0,  0,  0,  0,  0],
 [ 1,  0,  0,  0,  0,  0,  0,  0,  0,  0,  0,  0,  1,  0,  0,  0,  0,  0,
   0,  0,  0,  0,  0,  0,  0],
 [ 0,  1,  0,  0,  0,  0,  0,  0,  0,  0,  0,  0,  0,  1,  0,  0,  0,  0,
   0,  0,  0,  0,  0,  0,  0],
 [ 1,  0,  0,  0,  0,  0,  0,  0,  0,  0,  0,  0,  0,  0,  0,  0,  0,  0,
   0,  0,  0,  0,  0,  0,  0],
 [ 0,  0,  0,  0,  0,  0,  0,  0,  0,  0,  0,  0,  0,  0,  0,  1,  0,  0,
   0,  0,  0,  0,  0,  0,  0],
 [ 0,  0,  0,  0,  0,  0,  0,  0,  0,  0,  0,  0,  0,  0,  0,  0,  1,  0,
   0,  0,  0,  0,  0,  0,  0],
 [ 0,  0,  0,  0,  0,  0,  0,  0,  1,  0,  0,  0,  0,  0,  0,  0,  0,  0,
   0,  0,  0,  0,  0,  0,  0],
 [ 0,  0,  0,  0,  0,  0,  0,  0,  0,  0,  0,  0,  0,  0,  0,  0,  0,  0,
   1,  0,  0,  0,  0,  0,  0],
 [ 0,  0,  0,  0,  0,  0,  0,  0,  0,  0,  0,  0,  0,  0,  0,  0,  0,  0,
   0,  1,  0,  0,  0,  0,  0],
 [ 0,  0,  1,  0,  0,  0,  0,  0,  0,  0,  0,  0,  0,  0,  0,  0,  0,  0,
   0,  0,  0,  0,  0,  0,  0],
 [ 0,  0,  0,  1,  0,  0,  0,  0,  0,  0,  0,  0,  0,  0,  0,  0,  0,  0,
   0,  0,  0,  0,  0,  0,  0],
 [ 0,  0,  1,  0,  0,  0,  0,  0,  0,  0,  0,  0,  0,  0,  0,  0,  0,  0,
   0,  0,  0,  0,  0,  0,  0],
 [ 0,  1,  0,  0,  0,  0,  0,  0,  0,  0,  0,  0,  0,  0,  0,  0,  0,  0,
   0,  0,  0,  0,  0,  0,  0],
 [ 0,  0,  0,  1,  0,  0,  0,  0,  0,  0,  0,  0,  0,  0,  0,  0,  0,  0,
   0,  0,  0,  0,  0,  0,  0]]
4	0	0.7636	0.7241	0.7434	0.7212
4	1	0.6949	0.8723	0.7736	0.7212
4	2	0.7027	0.6190	0.6582	0.7212
4	3	0.7857	0.8462	0.8148	0.7212
4	4	0.9167	0.9167	0.9167	0.7212
4	5	0.9091	0.9091	0.9091	0.7212
4	6	0.7500	0.3000	0.4286	0.7212
4	7	0.8000	0.6667	0.7273	0.7212
4	8	0.6667	1.0000	0.8000	0.7212
4	9	0.6667	0.6667	0.6667	0.7212
4	10	0.6000	1.0000	0.7500	0.7212
4	11	0.6667	1.0000	0.8000	0.7212
4	12	0.0000	0.0000	0.0000	0.7212
4	13	1.0000	0.5000	0.6667	0.7212
4	14	0.0000	0.0000	0.0000	0.7212
4	15	0.1667	1.0000	0.2857	0.7212
4	16	0.3333	1.0000	0.5000	0.7212
4	17	0.0000	0.0000	0.0000	0.7212
4	18	0.0000	0.0000	0.0000	0.7212
4	19	1.0000	1.0000	1.0000	0.7212
4	20	0.0000	0.0000	0.0000	0.7212
4	21	0.0000	0.0000	0.0000	0.7212
4	22	0.0000	0.0000	0.0000	0.7212
4	23	0.0000	0.0000	0.0000	0.7212
4	24	0.0000	0.0000	0.0000	0.7212

Confusion Matrix for Seed 4:
[[42,  9,  3,  0,  0,  0,  1,  0,  1,  0,  0,  1,  0,  0,  0,  1,  0,  0,
   0,  0,  0,  0,  0,  0,  0],
 [ 2, 41,  3,  0,  1,  0,  0,  0,  0,  0,  0,  0,  0,  0,  0,  0,  0,  0,
   0,  0,  0,  0,  0,  0,  0],
 [ 7,  1, 26,  1,  0,  0,  0,  1,  1,  0,  2,  0,  0,  0,  0,  3,  0,  0,
   0,  0,  0,  0,  0,  0,  0],
 [ 1,  1,  0, 11,  0,  0,  0,  0,  0,  0,  0,  0,  0,  0,  0,  0,  0,  0,
   0,  0,  0,  0,  0,  0,  0],
 [ 0,  0,  0,  0, 11,  0,  0,  0,  0,  1,  0,  0,  0,  0,  0,  0,  0,  0,
   0,  0,  0,  0,  0,  0,  0],
 [ 1,  0,  0,  0,  0, 10,  0,  0,  0,  0,  0,  0,  0,  0,  0,  0,  0,  0,
   0,  0,  0,  0,  0,  0,  0],
 [ 2,  3,  0,  1,  0,  1,  3,  0,  0,  0,  0,  0,  0,  0,  0,  0,  0,  0,
   0,  0,  0,  0,  0,  0,  0],
 [ 0,  2,  0,  0,  0,  0,  0,  4,  0,  0,  0,  0,  0,  0,  0,  0,  0,  0,
   0,  0,  0,  0,  0,  0,  0],
 [ 0,  0,  0,  0,  0,  0,  0,  0,  4,  0,  0,  0,  0,  0,  0,  0,  0,  0,
   0,  0,  0,  0,  0,  0,  0],
 [ 0,  0,  1,  0,  0,  0,  0,  0,  0,  2,  0,  0,  0,  0,  0,  0,  0,  0,
   0,  0,  0,  0,  0,  0,  0],
 [ 0,  0,  0,  0,  0,  0,  0,  0,  0,  0,  3,  0,  0,  0,  0,  0,  0,  0,
   0,  0,  0,  0,  0,  0,  0],
 [ 0,  0,  0,  0,  0,  0,  0,  0,  0,  0,  0,  2,  0,  0,  0,  0,  0,  0,
   0,  0,  0,  0,  0,  0,  0],
 [ 0,  1,  0,  1,  0,  0,  0,  0,  0,  0,  0,  0,  0,  0,  0,  0,  0,  0,
   0,  0,  0,  0,  0,  0,  0],
 [ 0,  0,  0,  0,  0,  0,  0,  0,  0,  0,  0,  0,  1,  1,  0,  0,  0,  0,
   0,  0,  0,  0,  0,  0,  0],
 [ 0,  0,  1,  0,  0,  0,  0,  0,  0,  0,  0,  0,  0,  0,  0,  0,  0,  0,
   0,  0,  0,  0,  0,  0,  0],
 [ 0,  0,  0,  0,  0,  0,  0,  0,  0,  0,  0,  0,  0,  0,  0,  1,  0,  0,
   0,  0,  0,  0,  0,  0,  0],
 [ 0,  0,  0,  0,  0,  0,  0,  0,  0,  0,  0,  0,  0,  0,  0,  0,  1,  0,
   0,  0,  0,  0,  0,  0,  0],
 [ 0,  0,  0,  0,  0,  0,  0,  0,  0,  0,  0,  0,  0,  0,  0,  0,  1,  0,
   0,  0,  0,  0,  0,  0,  0],
 [ 0,  0,  1,  0,  0,  0,  0,  0,  0,  0,  0,  0,  0,  0,  0,  0,  0,  0,
   0,  0,  0,  0,  0,  0,  0],
 [ 0,  0,  0,  0,  0,  0,  0,  0,  0,  0,  0,  0,  0,  0,  0,  0,  0,  0,
   0,  1,  0,  0,  0,  0,  0],
 [ 0,  0,  1,  0,  0,  0,  0,  0,  0,  0,  0,  0,  0,  0,  0,  0,  0,  0,
   0,  0,  0,  0,  0,  0,  0],
 [ 0,  1,  0,  0,  0,  0,  0,  0,  0,  0,  0,  0,  0,  0,  0,  0,  0,  0,
   0,  0,  0,  0,  0,  0,  0],
 [ 0,  0,  1,  0,  0,  0,  0,  0,  0,  0,  0,  0,  0,  0,  0,  0,  0,  0,
   0,  0,  0,  0,  0,  0,  0],
 [ 0,  0,  0,  0,  0,  0,  0,  0,  0,  0,  0,  0,  0,  0,  0,  1,  0,  0,
   0,  0,  0,  0,  0,  0,  0],
 [ 0,  0,  0,  0,  0,  0,  0,  0,  0,  0,  0,  0,  0,  0,  0,  0,  1,  0,
   0,  0,  0,  0,  0,  0,  0]]
6	0	0.7222	0.6724	0.6964	0.6593
6	1	0.6129	0.8085	0.6972	0.6593
6	2	0.6286	0.5238	0.5714	0.6593
6	3	0.7778	0.5385	0.6364	0.6593
6	4	0.8462	0.9167	0.8800	0.6593
6	5	0.7143	0.9091	0.8000	0.6593
6	6	0.6000	0.3000	0.4000	0.6593
6	7	0.7143	0.8333	0.7692	0.6593
6	8	0.8000	1.0000	0.8889	0.6593
6	9	0.2000	0.3333	0.2500	0.6593
6	10	0.6000	1.0000	0.7500	0.6593
6	11	0.5000	0.5000	0.5000	0.6593
6	12	1.0000	0.5000	0.6667	0.6593
6	13	1.0000	1.0000	1.0000	0.6593
6	14	0.0000	0.0000	0.0000	0.6593
6	15	0.0000	0.0000	0.0000	0.6593
6	16	1.0000	1.0000	1.0000	0.6593
6	17	0.0000	0.0000	0.0000	0.6593
6	18	0.0000	0.0000	0.0000	0.6593
6	19	1.0000	1.0000	1.0000	0.6593
6	20	0.0000	0.0000	0.0000	0.6593
6	21	0.0000	0.0000	0.0000	0.6593
6	22	0.0000	0.0000	0.0000	0.6593
6	23	0.0000	0.0000	0.0000	0.6593
6	24	0.0000	0.0000	0.0000	0.6593

Confusion Matrix for Seed 6:
[[39,  8,  7,  0,  0,  0,  0,  0,  0,  1,  1,  1,  0,  0,  0,  1,  0,  0,
   0,  0,  0,  0,  0,  0,  0],
 [ 3, 38,  2,  0,  0,  0,  1,  1,  0,  1,  0,  0,  0,  0,  0,  1,  0,  0,
   0,  0,  0,  0,  0,  0,  0],
 [11,  3, 22,  0,  2,  0,  0,  0,  0,  0,  1,  0,  0,  0,  0,  3,  0,  0,
   0,  0,  0,  0,  0,  0,  0],
 [ 0,  2,  1,  7,  0,  2,  1,  0,  0,  0,  0,  0,  0,  0,  0,  0,  0,  0,
   0,  0,  0,  0,  0,  0,  0],
 [ 0,  0,  0,  0, 11,  0,  0,  0,  0,  1,  0,  0,  0,  0,  0,  0,  0,  0,
   0,  0,  0,  0,  0,  0,  0],
 [ 0,  1,  0,  0,  0, 10,  0,  0,  0,  0,  0,  0,  0,  0,  0,  0,  0,  0,
   0,  0,  0,  0,  0,  0,  0],
 [ 0,  4,  0,  1,  0,  2,  3,  0,  0,  0,  0,  0,  0,  0,  0,  0,  0,  0,
   0,  0,  0,  0,  0,  0,  0],
 [ 0,  1,  0,  0,  0,  0,  0,  5,  0,  0,  0,  0,  0,  0,  0,  0,  0,  0,
   0,  0,  0,  0,  0,  0,  0],
 [ 0,  0,  0,  0,  0,  0,  0,  0,  4,  0,  0,  0,  0,  0,  0,  0,  0,  0,
   0,  0,  0,  0,  0,  0,  0],
 [ 0,  2,  0,  0,  0,  0,  0,  0,  0,  1,  0,  0,  0,  0,  0,  0,  0,  0,
   0,  0,  0,  0,  0,  0,  0],
 [ 0,  0,  0,  0,  0,  0,  0,  0,  0,  0,  3,  0,  0,  0,  0,  0,  0,  0,
   0,  0,  0,  0,  0,  0,  0],
 [ 1,  0,  0,  0,  0,  0,  0,  0,  0,  0,  0,  1,  0,  0,  0,  0,  0,  0,
   0,  0,  0,  0,  0,  0,  0],
 [ 0,  0,  0,  0,  0,  0,  0,  1,  0,  0,  0,  0,  1,  0,  0,  0,  0,  0,
   0,  0,  0,  0,  0,  0,  0],
 [ 0,  0,  0,  0,  0,  0,  0,  0,  0,  0,  0,  0,  0,  2,  0,  0,  0,  0,
   0,  0,  0,  0,  0,  0,  0],
 [ 0,  1,  0,  0,  0,  0,  0,  0,  0,  0,  0,  0,  0,  0,  0,  0,  0,  0,
   0,  0,  0,  0,  0,  0,  0],
 [ 0,  1,  0,  0,  0,  0,  0,  0,  0,  0,  0,  0,  0,  0,  0,  0,  0,  0,
   0,  0,  0,  0,  0,  0,  0],
 [ 0,  0,  0,  0,  0,  0,  0,  0,  0,  0,  0,  0,  0,  0,  0,  0,  1,  0,
   0,  0,  0,  0,  0,  0,  0],
 [ 0,  0,  0,  0,  0,  0,  0,  0,  1,  0,  0,  0,  0,  0,  0,  0,  0,  0,
   0,  0,  0,  0,  0,  0,  0],
 [ 0,  0,  1,  0,  0,  0,  0,  0,  0,  0,  0,  0,  0,  0,  0,  0,  0,  0,
   0,  0,  0,  0,  0,  0,  0],
 [ 0,  0,  0,  0,  0,  0,  0,  0,  0,  0,  0,  0,  0,  0,  0,  0,  0,  0,
   0,  1,  0,  0,  0,  0,  0],
 [ 0,  0,  1,  0,  0,  0,  0,  0,  0,  0,  0,  0,  0,  0,  0,  0,  0,  0,
   0,  0,  0,  0,  0,  0,  0],
 [ 0,  0,  0,  1,  0,  0,  0,  0,  0,  0,  0,  0,  0,  0,  0,  0,  0,  0,
   0,  0,  0,  0,  0,  0,  0],
 [ 0,  0,  1,  0,  0,  0,  0,  0,  0,  0,  0,  0,  0,  0,  0,  0,  0,  0,
   0,  0,  0,  0,  0,  0,  0],
 [ 0,  1,  0,  0,  0,  0,  0,  0,  0,  0,  0,  0,  0,  0,  0,  0,  0,  0,
   0,  0,  0,  0,  0,  0,  0],
 [ 0,  0,  0,  0,  0,  0,  0,  0,  0,  1,  0,  0,  0,  0,  0,  0,  0,  0,
   0,  0,  0,  0,  0,  0,  0]]
8	0	0.6852	0.6379	0.6607	0.6681
8	1	0.7255	0.7872	0.7551	0.6681
8	2	0.5854	0.5714	0.5783	0.6681
8	3	1.0000	0.7692	0.8696	0.6681
8	4	0.6875	0.9167	0.7857	0.6681
8	5	0.8333	0.9091	0.8696	0.6681
8	6	0.6667	0.4000	0.5000	0.6681
8	7	0.5000	0.8333	0.6250	0.6681
8	8	1.0000	0.7500	0.8571	0.6681
8	9	0.5000	0.6667	0.5714	0.6681
8	10	0.7500	1.0000	0.8571	0.6681
8	11	0.0000	0.0000	0.0000	0.6681
8	12	0.0000	0.0000	0.0000	0.6681
8	13	0.6667	1.0000	0.8000	0.6681
8	14	0.5000	1.0000	0.6667	0.6681
8	15	0.1667	1.0000	0.2857	0.6681
8	16	0.0000	0.0000	0.0000	0.6681
8	17	0.0000	0.0000	0.0000	0.6681
8	18	0.0000	0.0000	0.0000	0.6681
8	19	1.0000	1.0000	1.0000	0.6681
8	20	0.0000	0.0000	0.0000	0.6681
8	21	0.0000	0.0000	0.0000	0.6681
8	22	0.0000	0.0000	0.0000	0.6681
8	23	0.0000	0.0000	0.0000	0.6681
8	24	0.0000	0.0000	0.0000	0.6681

Confusion Matrix for Seed 8:
[[37,  6, 10,  0,  0,  0,  1,  2,  0,  0,  0,  1,  0,  0,  1,  0,  0,  0,
   0,  0,  0,  0,  0,  0,  0],
 [ 5, 37,  2,  0,  0,  0,  0,  0,  0,  0,  0,  0,  0,  1,  0,  2,  0,  0,
   0,  0,  0,  0,  0,  0,  0],
 [ 8,  2, 24,  0,  3,  0,  1,  2,  0,  1,  0,  0,  0,  0,  0,  1,  0,  0,
   0,  0,  0,  0,  0,  0,  0],
 [ 2,  1,  0, 10,  0,  0,  0,  0,  0,  0,  0,  0,  0,  0,  0,  0,  0,  0,
   0,  0,  0,  0,  0,  0,  0],
 [ 0,  0,  0,  0, 11,  1,  0,  0,  0,  0,  0,  0,  0,  0,  0,  0,  0,  0,
   0,  0,  0,  0,  0,  0,  0],
 [ 0,  0,  1,  0,  0, 10,  0,  0,  0,  0,  0,  0,  0,  0,  0,  0,  0,  0,
   0,  0,  0,  0,  0,  0,  0],
 [ 1,  2,  1,  0,  0,  0,  4,  0,  0,  0,  0,  0,  0,  0,  0,  0,  0,  0,
   0,  0,  0,  0,  0,  0,  2],
 [ 0,  1,  0,  0,  0,  0,  0,  5,  0,  0,  0,  0,  0,  0,  0,  0,  0,  0,
   0,  0,  0,  0,  0,  0,  0],
 [ 0,  0,  0,  0,  0,  0,  0,  0,  3,  0,  0,  0,  0,  0,  0,  1,  0,  0,
   0,  0,  0,  0,  0,  0,  0],
 [ 0,  0,  0,  0,  1,  0,  0,  0,  0,  2,  0,  0,  0,  0,  0,  0,  0,  0,
   0,  0,  0,  0,  0,  0,  0],
 [ 0,  0,  0,  0,  0,  0,  0,  0,  0,  0,  3,  0,  0,  0,  0,  0,  0,  0,
   0,  0,  0,  0,  0,  0,  0],
 [ 0,  0,  1,  0,  1,  0,  0,  0,  0,  0,  0,  0,  0,  0,  0,  0,  0,  0,
   0,  0,  0,  0,  0,  0,  0],
 [ 1,  0,  0,  0,  0,  0,  0,  1,  0,  0,  0,  0,  0,  0,  0,  0,  0,  0,
   0,  0,  0,  0,  0,  0,  0],
 [ 0,  0,  0,  0,  0,  0,  0,  0,  0,  0,  0,  0,  0,  2,  0,  0,  0,  0,
   0,  0,  0,  0,  0,  0,  0],
 [ 0,  0,  0,  0,  0,  0,  0,  0,  0,  0,  0,  0,  0,  0,  1,  0,  0,  0,
   0,  0,  0,  0,  0,  0,  0],
 [ 0,  0,  0,  0,  0,  0,  0,  0,  0,  0,  0,  0,  0,  0,  0,  1,  0,  0,
   0,  0,  0,  0,  0,  0,  0],
 [ 0,  0,  0,  0,  0,  0,  0,  0,  0,  0,  0,  0,  0,  0,  0,  1,  0,  0,
   0,  0,  0,  0,  0,  0,  0],
 [ 0,  0,  0,  0,  0,  1,  0,  0,  0,  0,  0,  0,  0,  0,  0,  0,  0,  0,
   0,  0,  0,  0,  0,  0,  0],
 [ 0,  0,  0,  0,  0,  0,  0,  0,  0,  0,  1,  0,  0,  0,  0,  0,  0,  0,
   0,  0,  0,  0,  0,  0,  0],
 [ 0,  0,  0,  0,  0,  0,  0,  0,  0,  0,  0,  0,  0,  0,  0,  0,  0,  0,
   0,  1,  0,  0,  0,  0,  0],
 [ 0,  0,  1,  0,  0,  0,  0,  0,  0,  0,  0,  0,  0,  0,  0,  0,  0,  0,
   0,  0,  0,  0,  0,  0,  0],
 [ 0,  1,  0,  0,  0,  0,  0,  0,  0,  0,  0,  0,  0,  0,  0,  0,  0,  0,
   0,  0,  0,  0,  0,  0,  0],
 [ 0,  0,  1,  0,  0,  0,  0,  0,  0,  0,  0,  0,  0,  0,  0,  0,  0,  0,
   0,  0,  0,  0,  0,  0,  0],
 [ 0,  1,  0,  0,  0,  0,  0,  0,  0,  0,  0,  0,  0,  0,  0,  0,  0,  0,
   0,  0,  0,  0,  0,  0,  0],
 [ 0,  0,  0,  0,  0,  0,  0,  0,  0,  1,  0,  0,  0,  0,  0,  0,  0,  0,
   0,  0,  0,  0,  0,  0,  0]]
10	0	0.7414	0.7414	0.7414	0.6991
10	1	0.7234	0.7234	0.7234	0.6991
10	2	0.7667	0.5476	0.6389	0.6991
10	3	0.9167	0.8462	0.8800	0.6991
10	4	0.6667	0.8333	0.7407	0.6991
10	5	0.9091	0.9091	0.9091	0.6991
10	6	0.6667	0.6000	0.6316	0.6991
10	7	0.4545	0.8333	0.5882	0.6991
10	8	0.5714	1.0000	0.7273	0.6991
10	9	0.6667	0.6667	0.6667	0.6991
10	10	0.7500	1.0000	0.8571	0.6991
10	11	1.0000	0.5000	0.6667	0.6991
10	12	0.3333	0.5000	0.4000	0.6991
10	13	0.5000	0.5000	0.5000	0.6991
10	14	0.2000	1.0000	0.3333	0.6991
10	15	0.2500	1.0000	0.4000	0.6991
10	16	0.0000	0.0000	0.0000	0.6991
10	17	0.0000	0.0000	0.0000	0.6991
10	18	1.0000	1.0000	1.0000	0.6991
10	19	1.0000	1.0000	1.0000	0.6991
10	20	0.0000	0.0000	0.0000	0.6991
10	21	0.0000	0.0000	0.0000	0.6991
10	22	0.0000	0.0000	0.0000	0.6991
10	23	0.0000	0.0000	0.0000	0.6991
10	24	0.0000	0.0000	0.0000	0.6991

Confusion Matrix for Seed 10:
[[43,  3,  3,  0,  2,  0,  1,  2,  0,  0,  1,  0,  0,  0,  3,  0,  0,  0,
   0,  0,  0,  0,  0,  0,  0],
 [ 4, 34,  2,  0,  0,  0,  1,  1,  1,  0,  0,  0,  0,  1,  1,  2,  0,  0,
   0,  0,  0,  0,  0,  0,  0],
 [ 8,  4, 23,  1,  1,  0,  1,  2,  0,  0,  0,  0,  1,  0,  0,  1,  0,  0,
   0,  0,  0,  0,  0,  0,  0],
 [ 1,  0,  0, 11,  0,  0,  0,  1,  0,  0,  0,  0,  0,  0,  0,  0,  0,  0,
   0,  0,  0,  0,  0,  0,  0],
 [ 0,  0,  1,  0, 10,  0,  0,  0,  0,  1,  0,  0,  0,  0,  0,  0,  0,  0,
   0,  0,  0,  0,  0,  0,  0],
 [ 1,  0,  0,  0,  0, 10,  0,  0,  0,  0,  0,  0,  0,  0,  0,  0,  0,  0,
   0,  0,  0,  0,  0,  0,  0],
 [ 0,  2,  0,  0,  0,  1,  6,  0,  0,  0,  0,  0,  0,  0,  0,  0,  1,  0,
   0,  0,  0,  0,  0,  0,  0],
 [ 0,  0,  1,  0,  0,  0,  0,  5,  0,  0,  0,  0,  0,  0,  0,  0,  0,  0,
   0,  0,  0,  0,  0,  0,  0],
 [ 0,  0,  0,  0,  0,  0,  0,  0,  4,  0,  0,  0,  0,  0,  0,  0,  0,  0,
   0,  0,  0,  0,  0,  0,  0],
 [ 0,  0,  0,  0,  0,  0,  0,  0,  1,  2,  0,  0,  0,  0,  0,  0,  0,  0,
   0,  0,  0,  0,  0,  0,  0],
 [ 0,  0,  0,  0,  0,  0,  0,  0,  0,  0,  3,  0,  0,  0,  0,  0,  0,  0,
   0,  0,  0,  0,  0,  0,  0],
 [ 0,  0,  0,  0,  1,  0,  0,  0,  0,  0,  0,  1,  0,  0,  0,  0,  0,  0,
   0,  0,  0,  0,  0,  0,  0],
 [ 0,  1,  0,  0,  0,  0,  0,  0,  0,  0,  0,  0,  1,  0,  0,  0,  0,  0,
   0,  0,  0,  0,  0,  0,  0],
 [ 0,  0,  0,  0,  0,  0,  0,  0,  0,  0,  0,  0,  1,  1,  0,  0,  0,  0,
   0,  0,  0,  0,  0,  0,  0],
 [ 0,  0,  0,  0,  0,  0,  0,  0,  0,  0,  0,  0,  0,  0,  1,  0,  0,  0,
   0,  0,  0,  0,  0,  0,  0],
 [ 0,  0,  0,  0,  0,  0,  0,  0,  0,  0,  0,  0,  0,  0,  0,  1,  0,  0,
   0,  0,  0,  0,  0,  0,  0],
 [ 1,  0,  0,  0,  0,  0,  0,  0,  0,  0,  0,  0,  0,  0,  0,  0,  0,  0,
   0,  0,  0,  0,  0,  0,  0],
 [ 0,  0,  0,  0,  0,  0,  0,  0,  1,  0,  0,  0,  0,  0,  0,  0,  0,  0,
   0,  0,  0,  0,  0,  0,  0],
 [ 0,  0,  0,  0,  0,  0,  0,  0,  0,  0,  0,  0,  0,  0,  0,  0,  0,  0,
   1,  0,  0,  0,  0,  0,  0],
 [ 0,  0,  0,  0,  0,  0,  0,  0,  0,  0,  0,  0,  0,  0,  0,  0,  0,  0,
   0,  1,  0,  0,  0,  0,  0],
 [ 0,  1,  0,  0,  0,  0,  0,  0,  0,  0,  0,  0,  0,  0,  0,  0,  0,  0,
   0,  0,  0,  0,  0,  0,  0],
 [ 0,  1,  0,  0,  0,  0,  0,  0,  0,  0,  0,  0,  0,  0,  0,  0,  0,  0,
   0,  0,  0,  0,  0,  0,  0],
 [ 0,  0,  0,  0,  1,  0,  0,  0,  0,  0,  0,  0,  0,  0,  0,  0,  0,  0,
   0,  0,  0,  0,  0,  0,  0],
 [ 0,  1,  0,  0,  0,  0,  0,  0,  0,  0,  0,  0,  0,  0,  0,  0,  0,  0,
   0,  0,  0,  0,  0,  0,  0],
 [ 0,  0,  0,  0,  0,  0,  0,  0,  0,  0,  0,  0,  0,  0,  0,  0,  1,  0,
   0,  0,  0,  0,  0,  0,  0]]
12	0	0.7679	0.7414	0.7544	0.7124
12	1	0.6939	0.7234	0.7083	0.7124
12	2	0.7500	0.5714	0.6486	0.7124
12	3	0.7273	0.6154	0.6667	0.7124
12	4	0.7857	0.9167	0.8462	0.7124
12	5	0.8182	0.8182	0.8182	0.7124
12	6	0.6154	0.8000	0.6957	0.7124
12	7	0.7500	1.0000	0.8571	0.7124
12	8	0.8000	1.0000	0.8889	0.7124
12	9	0.4286	1.0000	0.6000	0.7124
12	10	0.6000	1.0000	0.7500	0.7124
12	11	0.6667	1.0000	0.8000	0.7124
12	12	1.0000	1.0000	1.0000	0.7124
12	13	0.6667	1.0000	0.8000	0.7124
12	14	0.0000	0.0000	0.0000	0.7124
12	15	0.2500	1.0000	0.4000	0.7124
12	16	0.0000	0.0000	0.0000	0.7124
12	17	0.0000	0.0000	0.0000	0.7124
12	18	0.0000	0.0000	0.0000	0.7124
12	19	1.0000	1.0000	1.0000	0.7124
12	20	0.0000	0.0000	0.0000	0.7124
12	21	0.0000	0.0000	0.0000	0.7124
12	22	0.0000	0.0000	0.0000	0.7124
12	23	0.0000	0.0000	0.0000	0.7124
12	24	0.0000	0.0000	0.0000	0.7124

Confusion Matrix for Seed 12:
[[43,  6,  3,  0,  1,  0,  2,  0,  0,  1,  1,  1,  0,  0,  0,  0,  0,  0,
   0,  0,  0,  0,  0,  0,  0],
 [ 2, 34,  3,  0,  0,  1,  1,  1,  1,  2,  0,  0,  0,  0,  0,  2,  0,  0,
   0,  0,  0,  0,  0,  0,  0],
 [ 9,  2, 24,  3,  2,  0,  1,  1,  0,  0,  0,  0,  0,  0,  0,  0,  0,  0,
   0,  0,  0,  0,  0,  0,  0],
 [ 1,  2,  0,  8,  0,  1,  0,  0,  0,  1,  0,  0,  0,  0,  0,  0,  0,  0,
   0,  0,  0,  0,  0,  0,  0],
 [ 0,  0,  1,  0, 11,  0,  0,  0,  0,  0,  0,  0,  0,  0,  0,  0,  0,  0,
   0,  0,  0,  0,  0,  0,  0],
 [ 0,  0,  0,  0,  0,  9,  0,  0,  0,  0,  0,  0,  0,  1,  0,  1,  0,  0,
   0,  0,  0,  0,  0,  0,  0],
 [ 0,  2,  0,  0,  0,  0,  8,  0,  0,  0,  0,  0,  0,  0,  0,  0,  0,  0,
   0,  0,  0,  0,  0,  0,  0],
 [ 0,  0,  0,  0,  0,  0,  0,  6,  0,  0,  0,  0,  0,  0,  0,  0,  0,  0,
   0,  0,  0,  0,  0,  0,  0],
 [ 0,  0,  0,  0,  0,  0,  0,  0,  4,  0,  0,  0,  0,  0,  0,  0,  0,  0,
   0,  0,  0,  0,  0,  0,  0],
 [ 0,  0,  0,  0,  0,  0,  0,  0,  0,  3,  0,  0,  0,  0,  0,  0,  0,  0,
   0,  0,  0,  0,  0,  0,  0],
 [ 0,  0,  0,  0,  0,  0,  0,  0,  0,  0,  3,  0,  0,  0,  0,  0,  0,  0,
   0,  0,  0,  0,  0,  0,  0],
 [ 0,  0,  0,  0,  0,  0,  0,  0,  0,  0,  0,  2,  0,  0,  0,  0,  0,  0,
   0,  0,  0,  0,  0,  0,  0],
 [ 0,  0,  0,  0,  0,  0,  0,  0,  0,  0,  0,  0,  2,  0,  0,  0,  0,  0,
   0,  0,  0,  0,  0,  0,  0],
 [ 0,  0,  0,  0,  0,  0,  0,  0,  0,  0,  0,  0,  0,  2,  0,  0,  0,  0,
   0,  0,  0,  0,  0,  0,  0],
 [ 0,  1,  0,  0,  0,  0,  0,  0,  0,  0,  0,  0,  0,  0,  0,  0,  0,  0,
   0,  0,  0,  0,  0,  0,  0],
 [ 0,  0,  0,  0,  0,  0,  0,  0,  0,  0,  0,  0,  0,  0,  0,  1,  0,  0,
   0,  0,  0,  0,  0,  0,  0],
 [ 1,  0,  0,  0,  0,  0,  0,  0,  0,  0,  0,  0,  0,  0,  0,  0,  0,  0,
   0,  0,  0,  0,  0,  0,  0],
 [ 0,  0,  0,  0,  0,  0,  0,  0,  0,  0,  0,  0,  0,  0,  0,  0,  1,  0,
   0,  0,  0,  0,  0,  0,  0],
 [ 0,  0,  0,  0,  0,  0,  0,  0,  0,  0,  1,  0,  0,  0,  0,  0,  0,  0,
   0,  0,  0,  0,  0,  0,  0],
 [ 0,  0,  0,  0,  0,  0,  0,  0,  0,  0,  0,  0,  0,  0,  0,  0,  0,  0,
   0,  1,  0,  0,  0,  0,  0],
 [ 0,  0,  0,  0,  0,  0,  0,  0,  0,  0,  0,  0,  0,  0,  1,  0,  0,  0,
   0,  0,  0,  0,  0,  0,  0],
 [ 0,  1,  0,  0,  0,  0,  0,  0,  0,  0,  0,  0,  0,  0,  0,  0,  0,  0,
   0,  0,  0,  0,  0,  0,  0],
 [ 0,  0,  1,  0,  0,  0,  0,  0,  0,  0,  0,  0,  0,  0,  0,  0,  0,  0,
   0,  0,  0,  0,  0,  0,  0],
 [ 0,  1,  0,  0,  0,  0,  0,  0,  0,  0,  0,  0,  0,  0,  0,  0,  0,  0,
   0,  0,  0,  0,  0,  0,  0],
 [ 0,  0,  0,  0,  0,  0,  1,  0,  0,  0,  0,  0,  0,  0,  0,  0,  0,  0,
   0,  0,  0,  0,  0,  0,  0]]
14	0	0.7959	0.6724	0.7290	0.7301
14	1	0.6545	0.7660	0.7059	0.7301
14	2	0.7436	0.6905	0.7160	0.7301
14	3	0.9231	0.9231	0.9231	0.7301
14	4	0.7333	0.9167	0.8148	0.7301
14	5	1.0000	0.8182	0.9000	0.7301
14	6	0.7778	0.7000	0.7368	0.7301
14	7	0.8571	1.0000	0.9231	0.7301
14	8	0.6667	1.0000	0.8000	0.7301
14	9	0.7500	1.0000	0.8571	0.7301
14	10	0.6667	0.6667	0.6667	0.7301
14	11	1.0000	1.0000	1.0000	0.7301
14	12	0.5000	0.5000	0.5000	0.7301
14	13	0.4000	1.0000	0.5714	0.7301
14	14	0.0000	0.0000	0.0000	0.7301
14	15	0.3333	1.0000	0.5000	0.7301
14	16	0.0000	0.0000	0.0000	0.7301
14	17	0.0000	0.0000	0.0000	0.7301
14	18	0.0000	0.0000	0.0000	0.7301
14	19	1.0000	1.0000	1.0000	0.7301
14	20	0.0000	0.0000	0.0000	0.7301
14	21	0.0000	0.0000	0.0000	0.7301
14	22	0.0000	0.0000	0.0000	0.7301
14	23	0.0000	0.0000	0.0000	0.7301
14	24	0.0000	0.0000	0.0000	0.7301

Confusion Matrix for Seed 14:
[[39, 11,  4,  0,  2,  0,  1,  0,  0,  0,  0,  0,  0,  0,  1,  0,  0,  0,
   0,  0,  0,  0,  0,  0,  0],
 [ 3, 36,  5,  0,  1,  0,  0,  0,  0,  1,  0,  0,  0,  1,  0,  0,  0,  0,
   0,  0,  0,  0,  0,  0,  0],
 [ 5,  3, 29,  0,  0,  0,  1,  1,  0,  0,  0,  0,  1,  1,  0,  1,  0,  0,
   0,  0,  0,  0,  0,  0,  0],
 [ 1,  0,  0, 12,  0,  0,  0,  0,  0,  0,  0,  0,  0,  0,  0,  0,  0,  0,
   0,  0,  0,  0,  0,  0,  0],
 [ 0,  0,  0,  0, 11,  0,  0,  0,  0,  0,  0,  0,  0,  0,  0,  0,  0,  1,
   0,  0,  0,  0,  0,  0,  0],
 [ 0,  0,  0,  0,  0,  9,  0,  0,  0,  0,  0,  0,  0,  1,  0,  1,  0,  0,
   0,  0,  0,  0,  0,  0,  0],
 [ 0,  2,  0,  0,  0,  0,  7,  0,  0,  0,  0,  0,  0,  0,  0,  0,  0,  1,
   0,  0,  0,  0,  0,  0,  0],
 [ 0,  0,  0,  0,  0,  0,  0,  6,  0,  0,  0,  0,  0,  0,  0,  0,  0,  0,
   0,  0,  0,  0,  0,  0,  0],
 [ 0,  0,  0,  0,  0,  0,  0,  0,  4,  0,  0,  0,  0,  0,  0,  0,  0,  0,
   0,  0,  0,  0,  0,  0,  0],
 [ 0,  0,  0,  0,  0,  0,  0,  0,  0,  3,  0,  0,  0,  0,  0,  0,  0,  0,
   0,  0,  0,  0,  0,  0,  0],
 [ 0,  0,  0,  0,  0,  0,  0,  0,  1,  0,  2,  0,  0,  0,  0,  0,  0,  0,
   0,  0,  0,  0,  0,  0,  0],
 [ 0,  0,  0,  0,  0,  0,  0,  0,  0,  0,  0,  2,  0,  0,  0,  0,  0,  0,
   0,  0,  0,  0,  0,  0,  0],
 [ 0,  1,  0,  0,  0,  0,  0,  0,  0,  0,  0,  0,  1,  0,  0,  0,  0,  0,
   0,  0,  0,  0,  0,  0,  0],
 [ 0,  0,  0,  0,  0,  0,  0,  0,  0,  0,  0,  0,  0,  2,  0,  0,  0,  0,
   0,  0,  0,  0,  0,  0,  0],
 [ 0,  1,  0,  0,  0,  0,  0,  0,  0,  0,  0,  0,  0,  0,  0,  0,  0,  0,
   0,  0,  0,  0,  0,  0,  0],
 [ 0,  0,  0,  0,  0,  0,  0,  0,  0,  0,  0,  0,  0,  0,  0,  1,  0,  0,
   0,  0,  0,  0,  0,  0,  0],
 [ 1,  0,  0,  0,  0,  0,  0,  0,  0,  0,  0,  0,  0,  0,  0,  0,  0,  0,
   0,  0,  0,  0,  0,  0,  0],
 [ 0,  0,  0,  0,  0,  0,  0,  0,  1,  0,  0,  0,  0,  0,  0,  0,  0,  0,
   0,  0,  0,  0,  0,  0,  0],
 [ 0,  0,  0,  0,  0,  0,  0,  0,  0,  0,  1,  0,  0,  0,  0,  0,  0,  0,
   0,  0,  0,  0,  0,  0,  0],
 [ 0,  0,  0,  0,  0,  0,  0,  0,  0,  0,  0,  0,  0,  0,  0,  0,  0,  0,
   0,  1,  0,  0,  0,  0,  0],
 [ 0,  0,  1,  0,  0,  0,  0,  0,  0,  0,  0,  0,  0,  0,  0,  0,  0,  0,
   0,  0,  0,  0,  0,  0,  0],
 [ 0,  0,  0,  1,  0,  0,  0,  0,  0,  0,  0,  0,  0,  0,  0,  0,  0,  0,
   0,  0,  0,  0,  0,  0,  0],
 [ 0,  0,  0,  0,  1,  0,  0,  0,  0,  0,  0,  0,  0,  0,  0,  0,  0,  0,
   0,  0,  0,  0,  0,  0,  0],
 [ 0,  1,  0,  0,  0,  0,  0,  0,  0,  0,  0,  0,  0,  0,  0,  0,  0,  0,
   0,  0,  0,  0,  0,  0,  0],
 [ 0,  0,  0,  0,  0,  0,  0,  0,  0,  0,  0,  0,  0,  0,  0,  0,  1,  0,
   0,  0,  0,  0,  0,  0,  0]]
16	0	0.6364	0.6034	0.6195	0.6283
16	1	0.5686	0.6170	0.5918	0.6283
16	2	0.5854	0.5714	0.5783	0.6283
16	3	0.6667	0.7692	0.7143	0.6283
16	4	0.6875	0.9167	0.7857	0.6283
16	5	0.6923	0.8182	0.7500	0.6283
16	6	0.8333	0.5000	0.6250	0.6283
16	7	0.8333	0.8333	0.8333	0.6283
16	8	1.0000	1.0000	1.0000	0.6283
16	9	1.0000	0.6667	0.8000	0.6283
16	10	1.0000	0.6667	0.8000	0.6283
16	11	0.5000	0.5000	0.5000	0.6283
16	12	0.3333	0.5000	0.4000	0.6283
16	13	0.5000	0.5000	0.5000	0.6283
16	14	1.0000	1.0000	1.0000	0.6283
16	15	0.0000	0.0000	0.0000	0.6283
16	16	0.0000	0.0000	0.0000	0.6283
16	17	0.0000	0.0000	0.0000	0.6283
16	18	1.0000	1.0000	1.0000	0.6283
16	19	1.0000	1.0000	1.0000	0.6283
16	20	0.0000	0.0000	0.0000	0.6283
16	21	0.0000	0.0000	0.0000	0.6283
16	22	0.0000	0.0000	0.0000	0.6283
16	23	0.0000	0.0000	0.0000	0.6283
16	24	0.0000	0.0000	0.0000	0.6283

Confusion Matrix for Seed 16:
[[35, 11,  8,  1,  2,  0,  0,  0,  0,  0,  0,  1,  0,  0,  0,  0,  0,  0,
   0,  0,  0,  0,  0,  0,  0],
 [ 8, 29,  5,  1,  0,  1,  1,  0,  0,  0,  0,  0,  1,  0,  0,  1,  0,  0,
   0,  0,  0,  0,  0,  0,  0],
 [ 9,  4, 24,  2,  3,  0,  0,  0,  0,  0,  0,  0,  0,  0,  0,  0,  0,  0,
   0,  0,  0,  0,  0,  0,  0],
 [ 1,  1,  1, 10,  0,  0,  0,  0,  0,  0,  0,  0,  0,  0,  0,  0,  0,  0,
   0,  0,  0,  0,  0,  0,  0],
 [ 0,  1,  0,  0, 11,  0,  0,  0,  0,  0,  0,  0,  0,  0,  0,  0,  0,  0,
   0,  0,  0,  0,  0,  0,  0],
 [ 0,  0,  1,  0,  0,  9,  0,  0,  0,  0,  0,  0,  0,  0,  0,  1,  0,  0,
   0,  0,  0,  0,  0,  0,  0],
 [ 0,  2,  0,  0,  0,  2,  5,  0,  0,  0,  0,  0,  0,  0,  0,  0,  1,  0,
   0,  0,  0,  0,  0,  0,  0],
 [ 0,  0,  1,  0,  0,  0,  0,  5,  0,  0,  0,  0,  0,  0,  0,  0,  0,  0,
   0,  0,  0,  0,  0,  0,  0],
 [ 0,  0,  0,  0,  0,  0,  0,  0,  4,  0,  0,  0,  0,  0,  0,  0,  0,  0,
   0,  0,  0,  0,  0,  0,  0],
 [ 0,  0,  0,  0,  0,  0,  0,  0,  0,  2,  0,  0,  1,  0,  0,  0,  0,  0,
   0,  0,  0,  0,  0,  0,  0],
 [ 0,  0,  0,  0,  0,  0,  0,  0,  0,  0,  2,  0,  0,  0,  0,  1,  0,  0,
   0,  0,  0,  0,  0,  0,  0],
 [ 0,  1,  0,  0,  0,  0,  0,  0,  0,  0,  0,  1,  0,  0,  0,  0,  0,  0,
   0,  0,  0,  0,  0,  0,  0],
 [ 0,  0,  0,  0,  0,  0,  0,  1,  0,  0,  0,  0,  1,  0,  0,  0,  0,  0,
   0,  0,  0,  0,  0,  0,  0],
 [ 1,  0,  0,  0,  0,  0,  0,  0,  0,  0,  0,  0,  0,  1,  0,  0,  0,  0,
   0,  0,  0,  0,  0,  0,  0],
 [ 0,  0,  0,  0,  0,  0,  0,  0,  0,  0,  0,  0,  0,  0,  1,  0,  0,  0,
   0,  0,  0,  0,  0,  0,  0],
 [ 0,  0,  0,  0,  0,  1,  0,  0,  0,  0,  0,  0,  0,  0,  0,  0,  0,  0,
   0,  0,  0,  0,  0,  0,  0],
 [ 1,  0,  0,  0,  0,  0,  0,  0,  0,  0,  0,  0,  0,  0,  0,  0,  0,  0,
   0,  0,  0,  0,  0,  0,  0],
 [ 0,  0,  0,  0,  0,  0,  0,  0,  0,  0,  0,  0,  0,  0,  0,  0,  1,  0,
   0,  0,  0,  0,  0,  0,  0],
 [ 0,  0,  0,  0,  0,  0,  0,  0,  0,  0,  0,  0,  0,  0,  0,  0,  0,  0,
   1,  0,  0,  0,  0,  0,  0],
 [ 0,  0,  0,  0,  0,  0,  0,  0,  0,  0,  0,  0,  0,  0,  0,  0,  0,  0,
   0,  1,  0,  0,  0,  0,  0],
 [ 0,  0,  0,  0,  0,  0,  0,  0,  0,  0,  0,  0,  0,  1,  0,  0,  0,  0,
   0,  0,  0,  0,  0,  0,  0],
 [ 0,  1,  0,  0,  0,  0,  0,  0,  0,  0,  0,  0,  0,  0,  0,  0,  0,  0,
   0,  0,  0,  0,  0,  0,  0],
 [ 0,  0,  1,  0,  0,  0,  0,  0,  0,  0,  0,  0,  0,  0,  0,  0,  0,  0,
   0,  0,  0,  0,  0,  0,  0],
 [ 0,  1,  0,  0,  0,  0,  0,  0,  0,  0,  0,  0,  0,  0,  0,  0,  0,  0,
   0,  0,  0,  0,  0,  0,  0],
 [ 0,  0,  0,  1,  0,  0,  0,  0,  0,  0,  0,  0,  0,  0,  0,  0,  0,  0,
   0,  0,  0,  0,  0,  0,  0]]
18	0	0.7000	0.7241	0.7119	0.6549
18	1	0.6200	0.6596	0.6392	0.6549
18	2	0.5476	0.5476	0.5476	0.6549
18	3	0.7692	0.7692	0.7692	0.6549
18	4	0.8462	0.9167	0.8800	0.6549
18	5	0.6154	0.7273	0.6667	0.6549
18	6	0.8571	0.6000	0.7059	0.6549
18	7	0.8000	0.6667	0.7273	0.6549
18	8	1.0000	0.7500	0.8571	0.6549
18	9	0.7500	1.0000	0.8571	0.6549
18	10	1.0000	0.6667	0.8000	0.6549
18	11	0.5000	0.5000	0.5000	0.6549
18	12	0.0000	0.0000	0.0000	0.6549
18	13	1.0000	0.5000	0.6667	0.6549
18	14	0.0000	0.0000	0.0000	0.6549
18	15	0.1667	1.0000	0.2857	0.6549
18	16	0.5000	1.0000	0.6667	0.6549
18	17	0.0000	0.0000	0.0000	0.6549
18	18	0.0000	0.0000	0.0000	0.6549
18	19	0.5000	1.0000	0.6667	0.6549
18	20	0.0000	0.0000	0.0000	0.6549
18	21	0.0000	0.0000	0.0000	0.6549
18	22	0.0000	0.0000	0.0000	0.6549
18	23	0.0000	0.0000	0.0000	0.6549
18	24	0.0000	0.0000	0.0000	0.6549

Confusion Matrix for Seed 18:
[[42,  5,  8,  0,  1,  0,  0,  0,  0,  0,  0,  1,  1,  0,  0,  0,  0,  0,
   0,  0,  0,  0,  0,  0,  0],
 [ 6, 31,  8,  0,  0,  2,  0,  0,  0,  0,  0,  0,  0,  0,  0,  0,  0,  0,
   0,  0,  0,  0,  0,  0,  0],
 [ 8,  5, 23,  1,  1,  0,  1,  1,  0,  0,  0,  0,  0,  0,  0,  2,  0,  0,
   0,  0,  0,  0,  0,  0,  0],
 [ 2,  1,  0, 10,  0,  0,  0,  0,  0,  0,  0,  0,  0,  0,  0,  0,  0,  0,
   0,  0,  0,  0,  0,  0,  0],
 [ 0,  0,  0,  0, 11,  1,  0,  0,  0,  0,  0,  0,  0,  0,  0,  0,  0,  0,
   0,  0,  0,  0,  0,  0,  0],
 [ 0,  0,  0,  2,  0,  8,  0,  0,  0,  0,  0,  0,  0,  0,  0,  1,  0,  0,
   0,  0,  0,  0,  0,  0,  0],
 [ 0,  2,  1,  0,  0,  1,  6,  0,  0,  0,  0,  0,  0,  0,  0,  0,  0,  0,
   0,  0,  0,  0,  0,  0,  0],
 [ 0,  2,  0,  0,  0,  0,  0,  4,  0,  0,  0,  0,  0,  0,  0,  0,  0,  0,
   0,  0,  0,  0,  0,  0,  0],
 [ 0,  0,  0,  0,  0,  0,  0,  0,  3,  1,  0,  0,  0,  0,  0,  0,  0,  0,
   0,  0,  0,  0,  0,  0,  0],
 [ 0,  0,  0,  0,  0,  0,  0,  0,  0,  3,  0,  0,  0,  0,  0,  0,  0,  0,
   0,  0,  0,  0,  0,  0,  0],
 [ 0,  0,  0,  0,  0,  0,  0,  0,  0,  0,  2,  0,  0,  0,  0,  1,  0,  0,
   0,  0,  0,  0,  0,  0,  0],
 [ 1,  0,  0,  0,  0,  0,  0,  0,  0,  0,  0,  1,  0,  0,  0,  0,  0,  0,
   0,  0,  0,  0,  0,  0,  0],
 [ 0,  1,  0,  0,  0,  1,  0,  0,  0,  0,  0,  0,  0,  0,  0,  0,  0,  0,
   0,  0,  0,  0,  0,  0,  0],
 [ 0,  0,  0,  0,  0,  0,  0,  0,  0,  0,  0,  0,  0,  1,  0,  1,  0,  0,
   0,  0,  0,  0,  0,  0,  0],
 [ 1,  0,  0,  0,  0,  0,  0,  0,  0,  0,  0,  0,  0,  0,  0,  0,  0,  0,
   0,  0,  0,  0,  0,  0,  0],
 [ 0,  0,  0,  0,  0,  0,  0,  0,  0,  0,  0,  0,  0,  0,  0,  1,  0,  0,
   0,  0,  0,  0,  0,  0,  0],
 [ 0,  0,  0,  0,  0,  0,  0,  0,  0,  0,  0,  0,  0,  0,  0,  0,  1,  0,
   0,  0,  0,  0,  0,  0,  0],
 [ 0,  0,  0,  0,  0,  0,  0,  0,  0,  0,  0,  0,  0,  0,  0,  0,  1,  0,
   0,  0,  0,  0,  0,  0,  0],
 [ 0,  0,  1,  0,  0,  0,  0,  0,  0,  0,  0,  0,  0,  0,  0,  0,  0,  0,
   0,  0,  0,  0,  0,  0,  0],
 [ 0,  0,  0,  0,  0,  0,  0,  0,  0,  0,  0,  0,  0,  0,  0,  0,  0,  0,
   0,  1,  0,  0,  0,  0,  0],
 [ 0,  1,  0,  0,  0,  0,  0,  0,  0,  0,  0,  0,  0,  0,  0,  0,  0,  0,
   0,  0,  0,  0,  0,  0,  0],
 [ 0,  1,  0,  0,  0,  0,  0,  0,  0,  0,  0,  0,  0,  0,  0,  0,  0,  0,
   0,  0,  0,  0,  0,  0,  0],
 [ 0,  0,  1,  0,  0,  0,  0,  0,  0,  0,  0,  0,  0,  0,  0,  0,  0,  0,
   0,  0,  0,  0,  0,  0,  0],
 [ 0,  1,  0,  0,  0,  0,  0,  0,  0,  0,  0,  0,  0,  0,  0,  0,  0,  0,
   0,  0,  0,  0,  0,  0,  0],
 [ 0,  0,  0,  0,  0,  0,  0,  0,  0,  0,  0,  0,  0,  0,  0,  0,  0,  0,
   0,  1,  0,  0,  0,  0,  0]]
20	0	0.7119	0.7241	0.7179	0.6593
20	1	0.6981	0.7872	0.7400	0.6593
20	2	0.6061	0.4762	0.5333	0.6593
20	3	0.6154	0.6154	0.6154	0.6593
20	4	0.7500	0.7500	0.7500	0.6593
20	5	0.8889	0.7273	0.8000	0.6593
20	6	0.8000	0.8000	0.8000	0.6593
20	7	0.7143	0.8333	0.7692	0.6593
20	8	0.8000	1.0000	0.8889	0.6593
20	9	0.4286	1.0000	0.6000	0.6593
20	10	0.5000	0.6667	0.5714	0.6593
20	11	0.0000	0.0000	0.0000	0.6593
20	12	0.0000	0.0000	0.0000	0.6593
20	13	0.0000	0.0000	0.0000	0.6593
20	14	0.3333	1.0000	0.5000	0.6593
20	15	0.1429	1.0000	0.2500	0.6593
20	16	0.0000	0.0000	0.0000	0.6593
20	17	0.0000	0.0000	0.0000	0.6593
20	18	0.0000	0.0000	0.0000	0.6593
20	19	0.5000	1.0000	0.6667	0.6593
20	20	0.0000	0.0000	0.0000	0.6593
20	21	0.0000	0.0000	0.0000	0.6593
20	22	0.0000	0.0000	0.0000	0.6593
20	23	0.0000	0.0000	0.0000	0.6593
20	24	0.0000	0.0000	0.0000	0.6593

Confusion Matrix for Seed 20:
[[42,  5,  6,  2,  0,  0,  0,  0,  0,  1,  1,  0,  0,  0,  0,  1,  0,  0,
   0,  0,  0,  0,  0,  0,  0],
 [ 1, 37,  4,  0,  0,  0,  1,  0,  0,  1,  0,  0,  0,  0,  2,  1,  0,  0,
   0,  0,  0,  0,  0,  0,  0],
 [10,  3, 20,  1,  2,  0,  0,  1,  0,  0,  0,  1,  0,  1,  0,  3,  0,  0,
   0,  0,  0,  0,  0,  0,  0],
 [ 2,  3,  0,  8,  0,  0,  0,  0,  0,  0,  0,  0,  0,  0,  0,  0,  0,  0,
   0,  0,  0,  0,  0,  0,  0],
 [ 0,  0,  0,  1,  9,  0,  0,  0,  0,  2,  0,  0,  0,  0,  0,  0,  0,  0,
   0,  0,  0,  0,  0,  0,  0],
 [ 1,  1,  0,  0,  0,  8,  0,  0,  0,  0,  0,  0,  0,  0,  0,  1,  0,  0,
   0,  0,  0,  0,  0,  0,  0],
 [ 0,  1,  0,  0,  0,  1,  8,  0,  0,  0,  0,  0,  0,  0,  0,  0,  0,  0,
   0,  0,  0,  0,  0,  0,  0],
 [ 0,  0,  1,  0,  0,  0,  0,  5,  0,  0,  0,  0,  0,  0,  0,  0,  0,  0,
   0,  0,  0,  0,  0,  0,  0],
 [ 0,  0,  0,  0,  0,  0,  0,  0,  4,  0,  0,  0,  0,  0,  0,  0,  0,  0,
   0,  0,  0,  0,  0,  0,  0],
 [ 0,  0,  0,  0,  0,  0,  0,  0,  0,  3,  0,  0,  0,  0,  0,  0,  0,  0,
   0,  0,  0,  0,  0,  0,  0],
 [ 0,  0,  0,  0,  1,  0,  0,  0,  0,  0,  2,  0,  0,  0,  0,  0,  0,  0,
   0,  0,  0,  0,  0,  0,  0],
 [ 1,  0,  0,  0,  0,  0,  0,  1,  0,  0,  0,  0,  0,  0,  0,  0,  0,  0,
   0,  0,  0,  0,  0,  0,  0],
 [ 1,  0,  0,  0,  0,  0,  1,  0,  0,  0,  0,  0,  0,  0,  0,  0,  0,  0,
   0,  0,  0,  0,  0,  0,  0],
 [ 0,  1,  0,  1,  0,  0,  0,  0,  0,  0,  0,  0,  0,  0,  0,  0,  0,  0,
   0,  0,  0,  0,  0,  0,  0],
 [ 0,  0,  0,  0,  0,  0,  0,  0,  0,  0,  0,  0,  0,  0,  1,  0,  0,  0,
   0,  0,  0,  0,  0,  0,  0],
 [ 0,  0,  0,  0,  0,  0,  0,  0,  0,  0,  0,  0,  0,  0,  0,  1,  0,  0,
   0,  0,  0,  0,  0,  0,  0],
 [ 1,  0,  0,  0,  0,  0,  0,  0,  0,  0,  0,  0,  0,  0,  0,  0,  0,  0,
   0,  0,  0,  0,  0,  0,  0],
 [ 0,  0,  0,  0,  0,  0,  0,  0,  1,  0,  0,  0,  0,  0,  0,  0,  0,  0,
   0,  0,  0,  0,  0,  0,  0],
 [ 0,  0,  0,  0,  0,  0,  0,  0,  0,  0,  1,  0,  0,  0,  0,  0,  0,  0,
   0,  0,  0,  0,  0,  0,  0],
 [ 0,  0,  0,  0,  0,  0,  0,  0,  0,  0,  0,  0,  0,  0,  0,  0,  0,  0,
   0,  1,  0,  0,  0,  0,  0],
 [ 0,  0,  1,  0,  0,  0,  0,  0,  0,  0,  0,  0,  0,  0,  0,  0,  0,  0,
   0,  0,  0,  0,  0,  0,  0],
 [ 0,  1,  0,  0,  0,  0,  0,  0,  0,  0,  0,  0,  0,  0,  0,  0,  0,  0,
   0,  0,  0,  0,  0,  0,  0],
 [ 0,  0,  1,  0,  0,  0,  0,  0,  0,  0,  0,  0,  0,  0,  0,  0,  0,  0,
   0,  0,  0,  0,  0,  0,  0],
 [ 0,  1,  0,  0,  0,  0,  0,  0,  0,  0,  0,  0,  0,  0,  0,  0,  0,  0,
   0,  0,  0,  0,  0,  0,  0],
 [ 0,  0,  0,  0,  0,  0,  0,  0,  0,  0,  0,  0,  0,  0,  0,  0,  0,  0,
   0,  1,  0,  0,  0,  0,  0]]
22	0	0.7636	0.7241	0.7434	0.6814
22	1	0.6545	0.7660	0.7059	0.6814
22	2	0.6579	0.5952	0.6250	0.6814
22	3	0.7857	0.8462	0.8148	0.6814
22	4	0.9167	0.9167	0.9167	0.6814
22	5	1.0000	0.7273	0.8421	0.6814
22	6	0.7500	0.6000	0.6667	0.6814
22	7	0.6667	0.6667	0.6667	0.6814
22	8	0.6667	1.0000	0.8000	0.6814
22	9	0.4000	0.6667	0.5000	0.6814
22	10	0.5000	0.3333	0.4000	0.6814
22	11	0.0000	0.0000	0.0000	0.6814
22	12	1.0000	0.5000	0.6667	0.6814
22	13	0.0000	0.0000	0.0000	0.6814
22	14	0.0000	0.0000	0.0000	0.6814
22	15	0.0000	0.0000	0.0000	0.6814
22	16	0.3333	1.0000	0.5000	0.6814
22	17	0.0000	0.0000	0.0000	0.6814
22	18	1.0000	1.0000	1.0000	0.6814
22	19	1.0000	1.0000	1.0000	0.6814
22	20	0.0000	0.0000	0.0000	0.6814
22	21	0.0000	0.0000	0.0000	0.6814
22	22	0.0000	0.0000	0.0000	0.6814
22	23	0.0000	0.0000	0.0000	0.6814
22	24	0.0000	0.0000	0.0000	0.6814

Confusion Matrix for Seed 22:
[[42, 10,  2,  1,  0,  0,  0,  0,  0,  0,  0,  2,  0,  0,  0,  1,  0,  0,
   0,  0,  0,  0,  0,  0,  0],
 [ 2, 36,  5,  0,  0,  0,  1,  0,  1,  0,  0,  0,  0,  0,  0,  2,  0,  0,
   0,  0,  0,  0,  0,  0,  0],
 [ 7,  2, 25,  1,  1,  0,  0,  2,  0,  0,  1,  0,  0,  1,  0,  2,  0,  0,
   0,  0,  0,  0,  0,  0,  0],
 [ 1,  1,  0, 11,  0,  0,  0,  0,  0,  0,  0,  0,  0,  0,  0,  0,  0,  0,
   0,  0,  0,  0,  0,  0,  0],
 [ 1,  0,  0,  0, 11,  0,  0,  0,  0,  0,  0,  0,  0,  0,  0,  0,  0,  0,
   0,  0,  0,  0,  0,  0,  0],
 [ 0,  0,  1,  0,  0,  8,  1,  0,  0,  0,  0,  0,  0,  0,  0,  1,  0,  0,
   0,  0,  0,  0,  0,  0,  0],
 [ 0,  0,  1,  0,  0,  0,  6,  0,  0,  0,  0,  0,  0,  0,  0,  0,  1,  0,
   0,  0,  0,  0,  0,  0,  2],
 [ 0,  2,  0,  0,  0,  0,  0,  4,  0,  0,  0,  0,  0,  0,  0,  0,  0,  0,
   0,  0,  0,  0,  0,  0,  0],
 [ 0,  0,  0,  0,  0,  0,  0,  0,  4,  0,  0,  0,  0,  0,  0,  0,  0,  0,
   0,  0,  0,  0,  0,  0,  0],
 [ 0,  0,  0,  0,  0,  0,  0,  0,  1,  2,  0,  0,  0,  0,  0,  0,  0,  0,
   0,  0,  0,  0,  0,  0,  0],
 [ 1,  1,  0,  0,  0,  0,  0,  0,  0,  0,  1,  0,  0,  0,  0,  0,  0,  0,
   0,  0,  0,  0,  0,  0,  0],
 [ 0,  0,  1,  0,  0,  0,  0,  0,  0,  0,  0,  0,  0,  0,  0,  0,  1,  0,
   0,  0,  0,  0,  0,  0,  0],
 [ 1,  0,  0,  0,  0,  0,  0,  0,  0,  0,  0,  0,  1,  0,  0,  0,  0,  0,
   0,  0,  0,  0,  0,  0,  0],
 [ 0,  0,  0,  0,  0,  0,  0,  0,  0,  2,  0,  0,  0,  0,  0,  0,  0,  0,
   0,  0,  0,  0,  0,  0,  0],
 [ 0,  0,  1,  0,  0,  0,  0,  0,  0,  0,  0,  0,  0,  0,  0,  0,  0,  0,
   0,  0,  0,  0,  0,  0,  0],
 [ 0,  1,  0,  0,  0,  0,  0,  0,  0,  0,  0,  0,  0,  0,  0,  0,  0,  0,
   0,  0,  0,  0,  0,  0,  0],
 [ 0,  0,  0,  0,  0,  0,  0,  0,  0,  0,  0,  0,  0,  0,  0,  0,  1,  0,
   0,  0,  0,  0,  0,  0,  0],
 [ 0,  1,  0,  0,  0,  0,  0,  0,  0,  0,  0,  0,  0,  0,  0,  0,  0,  0,
   0,  0,  0,  0,  0,  0,  0],
 [ 0,  0,  0,  0,  0,  0,  0,  0,  0,  0,  0,  0,  0,  0,  0,  0,  0,  0,
   1,  0,  0,  0,  0,  0,  0],
 [ 0,  0,  0,  0,  0,  0,  0,  0,  0,  0,  0,  0,  0,  0,  0,  0,  0,  0,
   0,  1,  0,  0,  0,  0,  0],
 [ 0,  0,  1,  0,  0,  0,  0,  0,  0,  0,  0,  0,  0,  0,  0,  0,  0,  0,
   0,  0,  0,  0,  0,  0,  0],
 [ 0,  0,  0,  1,  0,  0,  0,  0,  0,  0,  0,  0,  0,  0,  0,  0,  0,  0,
   0,  0,  0,  0,  0,  0,  0],
 [ 0,  0,  1,  0,  0,  0,  0,  0,  0,  0,  0,  0,  0,  0,  0,  0,  0,  0,
   0,  0,  0,  0,  0,  0,  0],
 [ 0,  1,  0,  0,  0,  0,  0,  0,  0,  0,  0,  0,  0,  0,  0,  0,  0,  0,
   0,  0,  0,  0,  0,  0,  0],
 [ 0,  0,  0,  0,  0,  0,  0,  0,  0,  1,  0,  0,  0,  0,  0,  0,  0,  0,
   0,  0,  0,  0,  0,  0,  0]]
24	0	0.6667	0.7586	0.7097	0.6327
24	1	0.6304	0.6170	0.6237	0.6327
24	2	0.5625	0.4286	0.4865	0.6327
24	3	0.9091	0.7692	0.8333	0.6327
24	4	0.7143	0.8333	0.7692	0.6327
24	5	0.6667	0.7273	0.6957	0.6327
24	6	0.6667	0.6000	0.6316	0.6327
24	7	0.8333	0.8333	0.8333	0.6327
24	8	0.6667	1.0000	0.8000	0.6327
24	9	0.2857	0.6667	0.4000	0.6327
24	10	1.0000	1.0000	1.0000	0.6327
24	11	0.3333	0.5000	0.4000	0.6327
24	12	0.0000	0.0000	0.0000	0.6327
24	13	0.5000	0.5000	0.5000	0.6327
24	14	0.0000	0.0000	0.0000	0.6327
24	15	0.0000	0.0000	0.0000	0.6327
24	16	1.0000	1.0000	1.0000	0.6327
24	17	0.0000	0.0000	0.0000	0.6327
24	18	0.0000	0.0000	0.0000	0.6327
24	19	1.0000	1.0000	1.0000	0.6327
24	20	0.0000	0.0000	0.0000	0.6327
24	21	0.0000	0.0000	0.0000	0.6327
24	22	0.0000	0.0000	0.0000	0.6327
24	23	0.0000	0.0000	0.0000	0.6327
24	24	0.0000	0.0000	0.0000	0.6327

Confusion Matrix for Seed 24:
[[44,  6,  5,  0,  1,  0,  0,  0,  0,  0,  0,  2,  0,  0,  0,  0,  0,  0,
   0,  0,  0,  0,  0,  0,  0],
 [ 5, 29,  6,  0,  0,  0,  3,  0,  1,  1,  0,  0,  0,  0,  0,  2,  0,  0,
   0,  0,  0,  0,  0,  0,  0],
 [11,  5, 18,  1,  2,  0,  0,  1,  0,  0,  0,  0,  0,  0,  0,  4,  0,  0,
   0,  0,  0,  0,  0,  0,  0],
 [ 1,  0,  1, 10,  0,  0,  0,  0,  1,  0,  0,  0,  0,  0,  0,  0,  0,  0,
   0,  0,  0,  0,  0,  0,  0],
 [ 0,  1,  0,  0, 10,  1,  0,  0,  0,  0,  0,  0,  0,  0,  0,  0,  0,  0,
   0,  0,  0,  0,  0,  0,  0],
 [ 1,  0,  0,  0,  0,  8,  0,  0,  0,  1,  0,  0,  0,  0,  0,  1,  0,  0,
   0,  0,  0,  0,  0,  0,  0],
 [ 1,  1,  0,  0,  0,  2,  6,  0,  0,  0,  0,  0,  0,  0,  0,  0,  0,  0,
   0,  0,  0,  0,  0,  0,  0],
 [ 0,  1,  0,  0,  0,  0,  0,  5,  0,  0,  0,  0,  0,  0,  0,  0,  0,  0,
   0,  0,  0,  0,  0,  0,  0],
 [ 0,  0,  0,  0,  0,  0,  0,  0,  4,  0,  0,  0,  0,  0,  0,  0,  0,  0,
   0,  0,  0,  0,  0,  0,  0],
 [ 0,  0,  0,  0,  0,  0,  0,  0,  0,  2,  0,  0,  0,  1,  0,  0,  0,  0,
   0,  0,  0,  0,  0,  0,  0],
 [ 0,  0,  0,  0,  0,  0,  0,  0,  0,  0,  3,  0,  0,  0,  0,  0,  0,  0,
   0,  0,  0,  0,  0,  0,  0],
 [ 1,  0,  0,  0,  0,  0,  0,  0,  0,  0,  0,  1,  0,  0,  0,  0,  0,  0,
   0,  0,  0,  0,  0,  0,  0],
 [ 0,  0,  1,  0,  0,  1,  0,  0,  0,  0,  0,  0,  0,  0,  0,  0,  0,  0,
   0,  0,  0,  0,  0,  0,  0],
 [ 0,  0,  0,  0,  0,  0,  0,  0,  0,  1,  0,  0,  0,  1,  0,  0,  0,  0,
   0,  0,  0,  0,  0,  0,  0],
 [ 1,  0,  0,  0,  0,  0,  0,  0,  0,  0,  0,  0,  0,  0,  0,  0,  0,  0,
   0,  0,  0,  0,  0,  0,  0],
 [ 0,  1,  0,  0,  0,  0,  0,  0,  0,  0,  0,  0,  0,  0,  0,  0,  0,  0,
   0,  0,  0,  0,  0,  0,  0],
 [ 0,  0,  0,  0,  0,  0,  0,  0,  0,  0,  0,  0,  0,  0,  0,  0,  1,  0,
   0,  0,  0,  0,  0,  0,  0],
 [ 0,  0,  0,  0,  0,  0,  0,  0,  0,  1,  0,  0,  0,  0,  0,  0,  0,  0,
   0,  0,  0,  0,  0,  0,  0],
 [ 0,  0,  1,  0,  0,  0,  0,  0,  0,  0,  0,  0,  0,  0,  0,  0,  0,  0,
   0,  0,  0,  0,  0,  0,  0],
 [ 0,  0,  0,  0,  0,  0,  0,  0,  0,  0,  0,  0,  0,  0,  0,  0,  0,  0,
   0,  1,  0,  0,  0,  0,  0],
 [ 0,  1,  0,  0,  0,  0,  0,  0,  0,  0,  0,  0,  0,  0,  0,  0,  0,  0,
   0,  0,  0,  0,  0,  0,  0],
 [ 0,  1,  0,  0,  0,  0,  0,  0,  0,  0,  0,  0,  0,  0,  0,  0,  0,  0,
   0,  0,  0,  0,  0,  0,  0],
 [ 0,  0,  0,  0,  1,  0,  0,  0,  0,  0,  0,  0,  0,  0,  0,  0,  0,  0,
   0,  0,  0,  0,  0,  0,  0],
 [ 1,  0,  0,  0,  0,  0,  0,  0,  0,  0,  0,  0,  0,  0,  0,  0,  0,  0,
   0,  0,  0,  0,  0,  0,  0],
 [ 0,  0,  0,  0,  0,  0,  0,  0,  0,  1,  0,  0,  0,  0,  0,  0,  0,  0,
   0,  0,  0,  0,  0,  0,  0]]
26	0	0.6613	0.7069	0.6833	0.6991
26	1	0.7451	0.8085	0.7755	0.6991
26	2	0.7059	0.5714	0.6316	0.6991
26	3	0.6923	0.6923	0.6923	0.6991
26	4	0.8333	0.8333	0.8333	0.6991
26	5	0.8000	0.7273	0.7619	0.6991
26	6	1.0000	0.7000	0.8235	0.6991
26	7	0.8000	0.6667	0.7273	0.6991
26	8	0.8000	1.0000	0.8889	0.6991
26	9	0.6000	1.0000	0.7500	0.6991
26	10	0.6667	0.6667	0.6667	0.6991
26	11	0.4000	1.0000	0.5714	0.6991
26	12	1.0000	0.5000	0.6667	0.6991
26	13	1.0000	0.5000	0.6667	0.6991
26	14	0.0000	0.0000	0.0000	0.6991
26	15	0.1429	1.0000	0.2500	0.6991
26	16	0.5000	1.0000	0.6667	0.6991
26	17	0.0000	0.0000	0.0000	0.6991
26	18	1.0000	1.0000	1.0000	0.6991
26	19	1.0000	1.0000	1.0000	0.6991
26	20	0.0000	0.0000	0.0000	0.6991
26	21	0.0000	0.0000	0.0000	0.6991
26	22	0.0000	0.0000	0.0000	0.6991
26	23	0.0000	0.0000	0.0000	0.6991
26	24	0.0000	0.0000	0.0000	0.6991

Confusion Matrix for Seed 26:
[[41,  5,  5,  1,  1,  0,  0,  0,  1,  0,  0,  2,  0,  0,  1,  1,  0,  0,
   0,  0,  0,  0,  0,  0,  0],
 [ 5, 38,  1,  0,  1,  0,  0,  0,  0,  0,  0,  0,  0,  0,  0,  2,  0,  0,
   0,  0,  0,  0,  0,  0,  0],
 [12,  3, 24,  1,  0,  0,  0,  0,  0,  0,  1,  0,  0,  0,  0,  0,  1,  0,
   0,  0,  0,  0,  0,  0,  0],
 [ 3,  0,  0,  9,  0,  0,  0,  1,  0,  0,  0,  0,  0,  0,  0,  0,  0,  0,
   0,  0,  0,  0,  0,  0,  0],
 [ 0,  0,  0,  0, 10,  0,  0,  0,  0,  2,  0,  0,  0,  0,  0,  0,  0,  0,
   0,  0,  0,  0,  0,  0,  0],
 [ 0,  0,  0,  0,  0,  8,  0,  0,  0,  0,  0,  0,  0,  0,  0,  3,  0,  0,
   0,  0,  0,  0,  0,  0,  0],
 [ 0,  2,  0,  0,  0,  1,  7,  0,  0,  0,  0,  0,  0,  0,  0,  0,  0,  0,
   0,  0,  0,  0,  0,  0,  0],
 [ 0,  1,  1,  0,  0,  0,  0,  4,  0,  0,  0,  0,  0,  0,  0,  0,  0,  0,
   0,  0,  0,  0,  0,  0,  0],
 [ 0,  0,  0,  0,  0,  0,  0,  0,  4,  0,  0,  0,  0,  0,  0,  0,  0,  0,
   0,  0,  0,  0,  0,  0,  0],
 [ 0,  0,  0,  0,  0,  0,  0,  0,  0,  3,  0,  0,  0,  0,  0,  0,  0,  0,
   0,  0,  0,  0,  0,  0,  0],
 [ 0,  0,  1,  0,  0,  0,  0,  0,  0,  0,  2,  0,  0,  0,  0,  0,  0,  0,
   0,  0,  0,  0,  0,  0,  0],
 [ 0,  0,  0,  0,  0,  0,  0,  0,  0,  0,  0,  2,  0,  0,  0,  0,  0,  0,
   0,  0,  0,  0,  0,  0,  0],
 [ 0,  0,  0,  0,  0,  1,  0,  0,  0,  0,  0,  0,  1,  0,  0,  0,  0,  0,
   0,  0,  0,  0,  0,  0,  0],
 [ 0,  1,  0,  0,  0,  0,  0,  0,  0,  0,  0,  0,  0,  1,  0,  0,  0,  0,
   0,  0,  0,  0,  0,  0,  0],
 [ 1,  0,  0,  0,  0,  0,  0,  0,  0,  0,  0,  0,  0,  0,  0,  0,  0,  0,
   0,  0,  0,  0,  0,  0,  0],
 [ 0,  0,  0,  0,  0,  0,  0,  0,  0,  0,  0,  0,  0,  0,  0,  1,  0,  0,
   0,  0,  0,  0,  0,  0,  0],
 [ 0,  0,  0,  0,  0,  0,  0,  0,  0,  0,  0,  0,  0,  0,  0,  0,  1,  0,
   0,  0,  0,  0,  0,  0,  0],
 [ 0,  0,  0,  1,  0,  0,  0,  0,  0,  0,  0,  0,  0,  0,  0,  0,  0,  0,
   0,  0,  0,  0,  0,  0,  0],
 [ 0,  0,  0,  0,  0,  0,  0,  0,  0,  0,  0,  0,  0,  0,  0,  0,  0,  0,
   1,  0,  0,  0,  0,  0,  0],
 [ 0,  0,  0,  0,  0,  0,  0,  0,  0,  0,  0,  0,  0,  0,  0,  0,  0,  0,
   0,  1,  0,  0,  0,  0,  0],
 [ 0,  0,  1,  0,  0,  0,  0,  0,  0,  0,  0,  0,  0,  0,  0,  0,  0,  0,
   0,  0,  0,  0,  0,  0,  0],
 [ 0,  0,  0,  1,  0,  0,  0,  0,  0,  0,  0,  0,  0,  0,  0,  0,  0,  0,
   0,  0,  0,  0,  0,  0,  0],
 [ 0,  0,  1,  0,  0,  0,  0,  0,  0,  0,  0,  0,  0,  0,  0,  0,  0,  0,
   0,  0,  0,  0,  0,  0,  0],
 [ 0,  1,  0,  0,  0,  0,  0,  0,  0,  0,  0,  0,  0,  0,  0,  0,  0,  0,
   0,  0,  0,  0,  0,  0,  0],
 [ 0,  0,  0,  0,  0,  0,  0,  0,  0,  0,  0,  1,  0,  0,  0,  0,  0,  0,
   0,  0,  0,  0,  0,  0,  0]]
28	0	0.8148	0.7586	0.7857	0.7212
28	1	0.6875	0.7021	0.6947	0.7212
28	2	0.7500	0.5714	0.6486	0.7212
28	3	0.6471	0.8462	0.7333	0.7212
28	4	0.6000	1.0000	0.7500	0.7212
28	5	0.8182	0.8182	0.8182	0.7212
28	6	0.8889	0.8000	0.8421	0.7212
28	7	0.8000	0.6667	0.7273	0.7212
28	8	0.6667	1.0000	0.8000	0.7212
28	9	0.6000	1.0000	0.7500	0.7212
28	10	0.7500	1.0000	0.8571	0.7212
28	11	0.5000	0.5000	0.5000	0.7212
28	12	0.6667	1.0000	0.8000	0.7212
28	13	0.5000	0.5000	0.5000	0.7212
28	14	1.0000	1.0000	1.0000	0.7212
28	15	0.3333	1.0000	0.5000	0.7212
28	16	0.0000	0.0000	0.0000	0.7212
28	17	0.0000	0.0000	0.0000	0.7212
28	18	1.0000	1.0000	1.0000	0.7212
28	19	1.0000	1.0000	1.0000	0.7212
28	20	0.0000	0.0000	0.0000	0.7212
28	21	0.0000	0.0000	0.0000	0.7212
28	22	0.0000	0.0000	0.0000	0.7212
28	23	0.0000	0.0000	0.0000	0.7212
28	24	0.0000	0.0000	0.0000	0.7212

Confusion Matrix for Seed 28:
[[44,  8,  2,  0,  1,  0,  1,  0,  0,  0,  1,  1,  0,  0,  0,  0,  0,  0,
   0,  0,  0,  0,  0,  0,  0],
 [ 4, 33,  5,  0,  2,  1,  0,  0,  2,  0,  0,  0,  0,  0,  0,  0,  0,  0,
   0,  0,  0,  0,  0,  0,  0],
 [ 3,  2, 24,  4,  4,  0,  0,  1,  0,  1,  0,  0,  1,  1,  0,  1,  0,  0,
   0,  0,  0,  0,  0,  0,  0],
 [ 1,  1,  0, 11,  0,  0,  0,  0,  0,  0,  0,  0,  0,  0,  0,  0,  0,  0,
   0,  0,  0,  0,  0,  0,  0],
 [ 0,  0,  0,  0, 12,  0,  0,  0,  0,  0,  0,  0,  0,  0,  0,  0,  0,  0,
   0,  0,  0,  0,  0,  0,  0],
 [ 1,  0,  0,  0,  0,  9,  0,  0,  0,  0,  0,  0,  0,  0,  0,  1,  0,  0,
   0,  0,  0,  0,  0,  0,  0],
 [ 0,  0,  0,  0,  0,  1,  8,  0,  0,  0,  0,  0,  0,  0,  0,  0,  1,  0,
   0,  0,  0,  0,  0,  0,  0],
 [ 0,  2,  0,  0,  0,  0,  0,  4,  0,  0,  0,  0,  0,  0,  0,  0,  0,  0,
   0,  0,  0,  0,  0,  0,  0],
 [ 0,  0,  0,  0,  0,  0,  0,  0,  4,  0,  0,  0,  0,  0,  0,  0,  0,  0,
   0,  0,  0,  0,  0,  0,  0],
 [ 0,  0,  0,  0,  0,  0,  0,  0,  0,  3,  0,  0,  0,  0,  0,  0,  0,  0,
   0,  0,  0,  0,  0,  0,  0],
 [ 0,  0,  0,  0,  0,  0,  0,  0,  0,  0,  3,  0,  0,  0,  0,  0,  0,  0,
   0,  0,  0,  0,  0,  0,  0],
 [ 0,  0,  0,  0,  1,  0,  0,  0,  0,  0,  0,  1,  0,  0,  0,  0,  0,  0,
   0,  0,  0,  0,  0,  0,  0],
 [ 0,  0,  0,  0,  0,  0,  0,  0,  0,  0,  0,  0,  2,  0,  0,  0,  0,  0,
   0,  0,  0,  0,  0,  0,  0],
 [ 0,  1,  0,  0,  0,  0,  0,  0,  0,  0,  0,  0,  0,  1,  0,  0,  0,  0,
   0,  0,  0,  0,  0,  0,  0],
 [ 0,  0,  0,  0,  0,  0,  0,  0,  0,  0,  0,  0,  0,  0,  1,  0,  0,  0,
   0,  0,  0,  0,  0,  0,  0],
 [ 0,  0,  0,  0,  0,  0,  0,  0,  0,  0,  0,  0,  0,  0,  0,  1,  0,  0,
   0,  0,  0,  0,  0,  0,  0],
 [ 1,  0,  0,  0,  0,  0,  0,  0,  0,  0,  0,  0,  0,  0,  0,  0,  0,  0,
   0,  0,  0,  0,  0,  0,  0],
 [ 0,  0,  0,  1,  0,  0,  0,  0,  0,  0,  0,  0,  0,  0,  0,  0,  0,  0,
   0,  0,  0,  0,  0,  0,  0],
 [ 0,  0,  0,  0,  0,  0,  0,  0,  0,  0,  0,  0,  0,  0,  0,  0,  0,  0,
   1,  0,  0,  0,  0,  0,  0],
 [ 0,  0,  0,  0,  0,  0,  0,  0,  0,  0,  0,  0,  0,  0,  0,  0,  0,  0,
   0,  1,  0,  0,  0,  0,  0],
 [ 0,  0,  0,  0,  0,  0,  0,  0,  0,  1,  0,  0,  0,  0,  0,  0,  0,  0,
   0,  0,  0,  0,  0,  0,  0],
 [ 0,  0,  0,  1,  0,  0,  0,  0,  0,  0,  0,  0,  0,  0,  0,  0,  0,  0,
   0,  0,  0,  0,  0,  0,  0],
 [ 0,  0,  1,  0,  0,  0,  0,  0,  0,  0,  0,  0,  0,  0,  0,  0,  0,  0,
   0,  0,  0,  0,  0,  0,  0],
 [ 0,  1,  0,  0,  0,  0,  0,  0,  0,  0,  0,  0,  0,  0,  0,  0,  0,  0,
   0,  0,  0,  0,  0,  0,  0],
 [ 0,  0,  0,  0,  0,  0,  0,  0,  0,  0,  0,  0,  0,  0,  0,  0,  0,  1,
   0,  0,  0,  0,  0,  0,  0]]
30	0	0.7031	0.7759	0.7377	0.6814
30	1	0.7021	0.7021	0.7021	0.6814
30	2	0.6071	0.4048	0.4857	0.6814
30	3	0.7059	0.9231	0.8000	0.6814
30	4	0.7273	0.6667	0.6957	0.6814
30	5	0.7500	0.8182	0.7826	0.6814
30	6	0.7778	0.7000	0.7368	0.6814
30	7	0.5714	0.6667	0.6154	0.6814
30	8	0.6667	1.0000	0.8000	0.6814
30	9	0.5000	1.0000	0.6667	0.6814
30	10	1.0000	1.0000	1.0000	0.6814
30	11	0.6667	1.0000	0.8000	0.6814
30	12	1.0000	0.5000	0.6667	0.6814
30	13	1.0000	1.0000	1.0000	0.6814
30	14	0.0000	0.0000	0.0000	0.6814
30	15	0.2000	1.0000	0.3333	0.6814
30	16	1.0000	1.0000	1.0000	0.6814
30	17	0.0000	0.0000	0.0000	0.6814
30	18	1.0000	1.0000	1.0000	0.6814
30	19	0.5000	1.0000	0.6667	0.6814
30	20	0.0000	0.0000	0.0000	0.6814
30	21	0.0000	0.0000	0.0000	0.6814
30	22	0.0000	0.0000	0.0000	0.6814
30	23	0.0000	0.0000	0.0000	0.6814
30	24	0.0000	0.0000	0.0000	0.6814

Confusion Matrix for Seed 30:
[[45,  5,  3,  0,  1,  0,  2,  1,  0,  0,  0,  1,  0,  0,  0,  0,  0,  0,
   0,  0,  0,  0,  0,  0,  0],
 [ 5, 33,  4,  2,  0,  0,  0,  0,  1,  2,  0,  0,  0,  0,  0,  0,  0,  0,
   0,  0,  0,  0,  0,  0,  0],
 [14,  3, 17,  2,  2,  0,  0,  2,  0,  0,  0,  0,  0,  0,  0,  2,  0,  0,
   0,  0,  0,  0,  0,  0,  0],
 [ 0,  0,  0, 12,  0,  0,  0,  0,  1,  0,  0,  0,  0,  0,  0,  0,  0,  0,
   0,  0,  0,  0,  0,  0,  0],
 [ 0,  1,  1,  1,  8,  0,  0,  0,  0,  1,  0,  0,  0,  0,  0,  0,  0,  0,
   0,  0,  0,  0,  0,  0,  0],
 [ 0,  0,  0,  0,  0,  9,  0,  0,  0,  0,  0,  0,  0,  0,  0,  2,  0,  0,
   0,  0,  0,  0,  0,  0,  0],
 [ 0,  1,  0,  0,  0,  2,  7,  0,  0,  0,  0,  0,  0,  0,  0,  0,  0,  0,
   0,  0,  0,  0,  0,  0,  0],
 [ 0,  1,  1,  0,  0,  0,  0,  4,  0,  0,  0,  0,  0,  0,  0,  0,  0,  0,
   0,  0,  0,  0,  0,  0,  0],
 [ 0,  0,  0,  0,  0,  0,  0,  0,  4,  0,  0,  0,  0,  0,  0,  0,  0,  0,
   0,  0,  0,  0,  0,  0,  0],
 [ 0,  0,  0,  0,  0,  0,  0,  0,  0,  3,  0,  0,  0,  0,  0,  0,  0,  0,
   0,  0,  0,  0,  0,  0,  0],
 [ 0,  0,  0,  0,  0,  0,  0,  0,  0,  0,  3,  0,  0,  0,  0,  0,  0,  0,
   0,  0,  0,  0,  0,  0,  0],
 [ 0,  0,  0,  0,  0,  0,  0,  0,  0,  0,  0,  2,  0,  0,  0,  0,  0,  0,
   0,  0,  0,  0,  0,  0,  0],
 [ 0,  0,  0,  0,  0,  1,  0,  0,  0,  0,  0,  0,  1,  0,  0,  0,  0,  0,
   0,  0,  0,  0,  0,  0,  0],
 [ 0,  0,  0,  0,  0,  0,  0,  0,  0,  0,  0,  0,  0,  2,  0,  0,  0,  0,
   0,  0,  0,  0,  0,  0,  0],
 [ 0,  1,  0,  0,  0,  0,  0,  0,  0,  0,  0,  0,  0,  0,  0,  0,  0,  0,
   0,  0,  0,  0,  0,  0,  0],
 [ 0,  0,  0,  0,  0,  0,  0,  0,  0,  0,  0,  0,  0,  0,  0,  1,  0,  0,
   0,  0,  0,  0,  0,  0,  0],
 [ 0,  0,  0,  0,  0,  0,  0,  0,  0,  0,  0,  0,  0,  0,  0,  0,  1,  0,
   0,  0,  0,  0,  0,  0,  0],
 [ 0,  1,  0,  0,  0,  0,  0,  0,  0,  0,  0,  0,  0,  0,  0,  0,  0,  0,
   0,  0,  0,  0,  0,  0,  0],
 [ 0,  0,  0,  0,  0,  0,  0,  0,  0,  0,  0,  0,  0,  0,  0,  0,  0,  0,
   1,  0,  0,  0,  0,  0,  0],
 [ 0,  0,  0,  0,  0,  0,  0,  0,  0,  0,  0,  0,  0,  0,  0,  0,  0,  0,
   0,  1,  0,  0,  0,  0,  0],
 [ 0,  0,  1,  0,  0,  0,  0,  0,  0,  0,  0,  0,  0,  0,  0,  0,  0,  0,
   0,  0,  0,  0,  0,  0,  0],
 [ 0,  1,  0,  0,  0,  0,  0,  0,  0,  0,  0,  0,  0,  0,  0,  0,  0,  0,
   0,  0,  0,  0,  0,  0,  0],
 [ 0,  0,  1,  0,  0,  0,  0,  0,  0,  0,  0,  0,  0,  0,  0,  0,  0,  0,
   0,  0,  0,  0,  0,  0,  0],
 [ 0,  0,  0,  0,  0,  0,  0,  0,  0,  0,  0,  0,  0,  0,  1,  0,  0,  0,
   0,  0,  0,  0,  0,  0,  0],
 [ 0,  0,  0,  0,  0,  0,  0,  0,  0,  0,  0,  0,  0,  0,  0,  0,  0,  0,
   0,  1,  0,  0,  0,  0,  0]]
32	0	0.7143	0.6897	0.7018	0.6372
32	1	0.6000	0.7021	0.6471	0.6372
32	2	0.6875	0.5238	0.5946	0.6372
32	3	0.8000	0.9231	0.8571	0.6372
32	4	0.6316	1.0000	0.7742	0.6372
32	5	0.8333	0.4545	0.5882	0.6372
32	6	0.8333	0.5000	0.6250	0.6372
32	7	0.6667	0.6667	0.6667	0.6372
32	8	0.5000	0.5000	0.5000	0.6372
32	9	0.5000	1.0000	0.6667	0.6372
32	10	0.3333	0.6667	0.4444	0.6372
32	11	0.4000	1.0000	0.5714	0.6372
32	12	0.0000	0.0000	0.0000	0.6372
32	13	1.0000	0.5000	0.6667	0.6372
32	14	0.0000	0.0000	0.0000	0.6372
32	15	0.0000	0.0000	0.0000	0.6372
32	16	0.0000	0.0000	0.0000	0.6372
32	17	0.0000	0.0000	0.0000	0.6372
32	18	0.0000	0.0000	0.0000	0.6372
32	19	1.0000	1.0000	1.0000	0.6372
32	20	0.0000	0.0000	0.0000	0.6372
32	21	0.0000	0.0000	0.0000	0.6372
32	22	0.0000	0.0000	0.0000	0.6372
32	23	0.0000	0.0000	0.0000	0.6372
32	24	0.0000	0.0000	0.0000	0.6372

Confusion Matrix for Seed 32:
[[40,  7,  4,  0,  0,  1,  1,  0,  0,  0,  1,  2,  1,  0,  0,  1,  0,  0,
   0,  0,  0,  0,  0,  0,  0],
 [ 3, 33,  4,  1,  2,  0,  0,  1,  2,  1,  0,  0,  0,  0,  0,  0,  0,  0,
   0,  0,  0,  0,  0,  0,  0],
 [ 9,  4, 22,  1,  3,  0,  0,  0,  0,  0,  2,  0,  0,  0,  0,  1,  0,  0,
   0,  0,  0,  0,  0,  0,  0],
 [ 0,  1,  0, 12,  0,  0,  0,  0,  0,  0,  0,  0,  0,  0,  0,  0,  0,  0,
   0,  0,  0,  0,  0,  0,  0],
 [ 0,  0,  0,  0, 12,  0,  0,  0,  0,  0,  0,  0,  0,  0,  0,  0,  0,  0,
   0,  0,  0,  0,  0,  0,  0],
 [ 2,  2,  0,  0,  0,  5,  0,  0,  0,  0,  0,  0,  0,  0,  0,  2,  0,  0,
   0,  0,  0,  0,  0,  0,  0],
 [ 1,  3,  1,  0,  0,  0,  5,  0,  0,  0,  0,  0,  0,  0,  0,  0,  0,  0,
   0,  0,  0,  0,  0,  0,  0],
 [ 0,  1,  0,  0,  0,  0,  0,  4,  0,  1,  0,  0,  0,  0,  0,  0,  0,  0,
   0,  0,  0,  0,  0,  0,  0],
 [ 0,  0,  0,  0,  0,  0,  0,  0,  2,  1,  0,  0,  1,  0,  0,  0,  0,  0,
   0,  0,  0,  0,  0,  0,  0],
 [ 0,  0,  0,  0,  0,  0,  0,  0,  0,  3,  0,  0,  0,  0,  0,  0,  0,  0,
   0,  0,  0,  0,  0,  0,  0],
 [ 0,  0,  0,  0,  0,  0,  0,  0,  0,  0,  2,  0,  0,  0,  0,  1,  0,  0,
   0,  0,  0,  0,  0,  0,  0],
 [ 0,  0,  0,  0,  0,  0,  0,  0,  0,  0,  0,  2,  0,  0,  0,  0,  0,  0,
   0,  0,  0,  0,  0,  0,  0],
 [ 0,  2,  0,  0,  0,  0,  0,  0,  0,  0,  0,  0,  0,  0,  0,  0,  0,  0,
   0,  0,  0,  0,  0,  0,  0],
 [ 0,  0,  0,  0,  0,  0,  0,  1,  0,  0,  0,  0,  0,  1,  0,  0,  0,  0,
   0,  0,  0,  0,  0,  0,  0],
 [ 0,  1,  0,  0,  0,  0,  0,  0,  0,  0,  0,  0,  0,  0,  0,  0,  0,  0,
   0,  0,  0,  0,  0,  0,  0],
 [ 0,  1,  0,  0,  0,  0,  0,  0,  0,  0,  0,  0,  0,  0,  0,  0,  0,  0,
   0,  0,  0,  0,  0,  0,  0],
 [ 1,  0,  0,  0,  0,  0,  0,  0,  0,  0,  0,  0,  0,  0,  0,  0,  0,  0,
   0,  0,  0,  0,  0,  0,  0],
 [ 0,  0,  0,  0,  0,  0,  0,  0,  0,  0,  0,  0,  0,  0,  0,  0,  1,  0,
   0,  0,  0,  0,  0,  0,  0],
 [ 0,  0,  0,  0,  0,  0,  0,  0,  0,  0,  1,  0,  0,  0,  0,  0,  0,  0,
   0,  0,  0,  0,  0,  0,  0],
 [ 0,  0,  0,  0,  0,  0,  0,  0,  0,  0,  0,  0,  0,  0,  0,  0,  0,  0,
   0,  1,  0,  0,  0,  0,  0],
 [ 0,  0,  1,  0,  0,  0,  0,  0,  0,  0,  0,  0,  0,  0,  0,  0,  0,  0,
   0,  0,  0,  0,  0,  0,  0],
 [ 0,  0,  0,  1,  0,  0,  0,  0,  0,  0,  0,  0,  0,  0,  0,  0,  0,  0,
   0,  0,  0,  0,  0,  0,  0],
 [ 0,  0,  0,  0,  1,  0,  0,  0,  0,  0,  0,  0,  0,  0,  0,  0,  0,  0,
   0,  0,  0,  0,  0,  0,  0],
 [ 0,  0,  0,  0,  1,  0,  0,  0,  0,  0,  0,  0,  0,  0,  0,  0,  0,  0,
   0,  0,  0,  0,  0,  0,  0],
 [ 0,  0,  0,  0,  0,  0,  0,  0,  0,  0,  0,  1,  0,  0,  0,  0,  0,  0,
   0,  0,  0,  0,  0,  0,  0]]
34	0	0.7541	0.7931	0.7731	0.6947
34	1	0.7308	0.8085	0.7677	0.6947
34	2	0.7188	0.5476	0.6216	0.6947
34	3	0.7000	0.5385	0.6087	0.6947
34	4	0.6667	0.8333	0.7407	0.6947
34	5	0.8182	0.8182	0.8182	0.6947
34	6	0.6000	0.6000	0.6000	0.6947
34	7	0.5556	0.8333	0.6667	0.6947
34	8	0.6667	1.0000	0.8000	0.6947
34	9	0.6667	0.6667	0.6667	0.6947
34	10	1.0000	0.6667	0.8000	0.6947
34	11	0.0000	0.0000	0.0000	0.6947
34	12	0.0000	0.0000	0.0000	0.6947
34	13	1.0000	1.0000	1.0000	0.6947
34	14	0.0000	0.0000	0.0000	0.6947
34	15	0.2500	1.0000	0.4000	0.6947
34	16	0.0000	0.0000	0.0000	0.6947
34	17	0.0000	0.0000	0.0000	0.6947
34	18	1.0000	1.0000	1.0000	0.6947
34	19	0.5000	1.0000	0.6667	0.6947
34	20	0.0000	0.0000	0.0000	0.6947
34	21	0.0000	0.0000	0.0000	0.6947
34	22	0.0000	0.0000	0.0000	0.6947
34	23	0.0000	0.0000	0.0000	0.6947
34	24	0.0000	0.0000	0.0000	0.6947

Confusion Matrix for Seed 34:
[[46,  3,  4,  0,  2,  0,  0,  1,  0,  0,  0,  1,  1,  0,  0,  0,  0,  0,
   0,  0,  0,  0,  0,  0,  0],
 [ 2, 38,  1,  1,  1,  0,  2,  0,  0,  0,  0,  0,  0,  0,  0,  1,  0,  0,
   0,  0,  0,  0,  0,  0,  1],
 [ 9,  3, 23,  2,  2,  0,  1,  2,  0,  0,  0,  0,  0,  0,  0,  0,  0,  0,
   0,  0,  0,  0,  0,  0,  0],
 [ 2,  1,  2,  7,  0,  0,  0,  0,  0,  0,  0,  1,  0,  0,  0,  0,  0,  0,
   0,  0,  0,  0,  0,  0,  0],
 [ 0,  0,  0,  0, 10,  0,  0,  1,  0,  0,  0,  0,  0,  0,  0,  0,  0,  1,
   0,  0,  0,  0,  0,  0,  0],
 [ 1,  0,  0,  0,  0,  9,  1,  0,  0,  0,  0,  0,  0,  0,  0,  0,  0,  0,
   0,  0,  0,  0,  0,  0,  0],
 [ 0,  2,  1,  0,  0,  1,  6,  0,  0,  0,  0,  0,  0,  0,  0,  0,  0,  0,
   0,  0,  0,  0,  0,  0,  0],
 [ 0,  1,  0,  0,  0,  0,  0,  5,  0,  0,  0,  0,  0,  0,  0,  0,  0,  0,
   0,  0,  0,  0,  0,  0,  0],
 [ 0,  0,  0,  0,  0,  0,  0,  0,  4,  0,  0,  0,  0,  0,  0,  0,  0,  0,
   0,  0,  0,  0,  0,  0,  0],
 [ 0,  0,  0,  0,  0,  0,  0,  0,  0,  2,  0,  0,  0,  0,  0,  1,  0,  0,
   0,  0,  0,  0,  0,  0,  0],
 [ 0,  0,  0,  0,  0,  0,  0,  0,  0,  0,  2,  0,  0,  0,  0,  1,  0,  0,
   0,  0,  0,  0,  0,  0,  0],
 [ 1,  1,  0,  0,  0,  0,  0,  0,  0,  0,  0,  0,  0,  0,  0,  0,  0,  0,
   0,  0,  0,  0,  0,  0,  0],
 [ 0,  0,  0,  0,  0,  1,  0,  0,  0,  1,  0,  0,  0,  0,  0,  0,  0,  0,
   0,  0,  0,  0,  0,  0,  0],
 [ 0,  0,  0,  0,  0,  0,  0,  0,  0,  0,  0,  0,  0,  2,  0,  0,  0,  0,
   0,  0,  0,  0,  0,  0,  0],
 [ 0,  1,  0,  0,  0,  0,  0,  0,  0,  0,  0,  0,  0,  0,  0,  0,  0,  0,
   0,  0,  0,  0,  0,  0,  0],
 [ 0,  0,  0,  0,  0,  0,  0,  0,  0,  0,  0,  0,  0,  0,  0,  1,  0,  0,
   0,  0,  0,  0,  0,  0,  0],
 [ 0,  0,  0,  0,  0,  0,  0,  0,  1,  0,  0,  0,  0,  0,  0,  0,  0,  0,
   0,  0,  0,  0,  0,  0,  0],
 [ 0,  0,  0,  0,  0,  0,  0,  0,  1,  0,  0,  0,  0,  0,  0,  0,  0,  0,
   0,  0,  0,  0,  0,  0,  0],
 [ 0,  0,  0,  0,  0,  0,  0,  0,  0,  0,  0,  0,  0,  0,  0,  0,  0,  0,
   1,  0,  0,  0,  0,  0,  0],
 [ 0,  0,  0,  0,  0,  0,  0,  0,  0,  0,  0,  0,  0,  0,  0,  0,  0,  0,
   0,  1,  0,  0,  0,  0,  0],
 [ 0,  0,  0,  0,  0,  0,  0,  0,  0,  0,  0,  0,  0,  0,  0,  0,  0,  0,
   0,  1,  0,  0,  0,  0,  0],
 [ 0,  1,  0,  0,  0,  0,  0,  0,  0,  0,  0,  0,  0,  0,  0,  0,  0,  0,
   0,  0,  0,  0,  0,  0,  0],
 [ 0,  0,  1,  0,  0,  0,  0,  0,  0,  0,  0,  0,  0,  0,  0,  0,  0,  0,
   0,  0,  0,  0,  0,  0,  0],
 [ 0,  1,  0,  0,  0,  0,  0,  0,  0,  0,  0,  0,  0,  0,  0,  0,  0,  0,
   0,  0,  0,  0,  0,  0,  0],
 [ 0,  0,  0,  0,  0,  0,  0,  0,  0,  0,  0,  0,  0,  0,  0,  0,  1,  0,
   0,  0,  0,  0,  0,  0,  0]]
36	0	0.7407	0.6897	0.7143	0.6549
36	1	0.6863	0.7447	0.7143	0.6549
36	2	0.6286	0.5238	0.5714	0.6549
36	3	0.6471	0.8462	0.7333	0.6549
36	4	0.7143	0.8333	0.7692	0.6549
36	5	1.0000	0.6364	0.7778	0.6549
36	6	0.5556	0.5000	0.5263	0.6549
36	7	0.5000	0.3333	0.4000	0.6549
36	8	0.6000	0.7500	0.6667	0.6549
36	9	0.3750	1.0000	0.5455	0.6549
36	10	0.7500	1.0000	0.8571	0.6549
36	11	0.6667	1.0000	0.8000	0.6549
36	12	0.0000	0.0000	0.0000	0.6549
36	13	0.6667	1.0000	0.8000	0.6549
36	14	0.0000	0.0000	0.0000	0.6549
36	15	0.2000	1.0000	0.3333	0.6549
36	16	0.0000	0.0000	0.0000	0.6549
36	17	0.0000	0.0000	0.0000	0.6549
36	18	1.0000	1.0000	1.0000	0.6549
36	19	0.5000	1.0000	0.6667	0.6549
36	20	0.0000	0.0000	0.0000	0.6549
36	21	0.0000	0.0000	0.0000	0.6549
36	22	0.0000	0.0000	0.0000	0.6549
36	23	0.0000	0.0000	0.0000	0.6549
36	24	0.0000	0.0000	0.0000	0.6549

Confusion Matrix for Seed 36:
[[40,  1,  9,  0,  2,  0,  2,  0,  0,  1,  1,  1,  0,  0,  0,  1,  0,  0,
   0,  0,  0,  0,  0,  0,  0],
 [ 3, 35,  3,  0,  1,  0,  2,  0,  0,  2,  0,  0,  0,  0,  0,  1,  0,  0,
   0,  0,  0,  0,  0,  0,  0],
 [ 8,  5, 22,  3,  0,  0,  0,  1,  1,  0,  0,  0,  0,  1,  0,  0,  1,  0,
   0,  0,  0,  0,  0,  0,  0],
 [ 0,  1,  0, 11,  0,  0,  0,  0,  0,  0,  0,  0,  0,  0,  1,  0,  0,  0,
   0,  0,  0,  0,  0,  0,  0],
 [ 0,  1,  0,  0, 10,  0,  0,  0,  0,  1,  0,  0,  0,  0,  0,  0,  0,  0,
   0,  0,  0,  0,  0,  0,  0],
 [ 0,  0,  0,  1,  0,  7,  0,  0,  0,  0,  0,  0,  0,  0,  0,  2,  0,  0,
   0,  1,  0,  0,  0,  0,  0],
 [ 0,  3,  0,  1,  0,  0,  5,  0,  0,  0,  0,  0,  0,  0,  0,  0,  1,  0,
   0,  0,  0,  0,  0,  0,  0],
 [ 0,  3,  1,  0,  0,  0,  0,  2,  0,  0,  0,  0,  0,  0,  0,  0,  0,  0,
   0,  0,  0,  0,  0,  0,  0],
 [ 0,  0,  0,  0,  0,  0,  0,  0,  3,  0,  0,  0,  1,  0,  0,  0,  0,  0,
   0,  0,  0,  0,  0,  0,  0],
 [ 0,  0,  0,  0,  0,  0,  0,  0,  0,  3,  0,  0,  0,  0,  0,  0,  0,  0,
   0,  0,  0,  0,  0,  0,  0],
 [ 0,  0,  0,  0,  0,  0,  0,  0,  0,  0,  3,  0,  0,  0,  0,  0,  0,  0,
   0,  0,  0,  0,  0,  0,  0],
 [ 0,  0,  0,  0,  0,  0,  0,  0,  0,  0,  0,  2,  0,  0,  0,  0,  0,  0,
   0,  0,  0,  0,  0,  0,  0],
 [ 1,  0,  0,  0,  0,  0,  0,  1,  0,  0,  0,  0,  0,  0,  0,  0,  0,  0,
   0,  0,  0,  0,  0,  0,  0],
 [ 0,  0,  0,  0,  0,  0,  0,  0,  0,  0,  0,  0,  0,  2,  0,  0,  0,  0,
   0,  0,  0,  0,  0,  0,  0],
 [ 1,  0,  0,  0,  0,  0,  0,  0,  0,  0,  0,  0,  0,  0,  0,  0,  0,  0,
   0,  0,  0,  0,  0,  0,  0],
 [ 0,  0,  0,  0,  0,  0,  0,  0,  0,  0,  0,  0,  0,  0,  0,  1,  0,  0,
   0,  0,  0,  0,  0,  0,  0],
 [ 1,  0,  0,  0,  0,  0,  0,  0,  0,  0,  0,  0,  0,  0,  0,  0,  0,  0,
   0,  0,  0,  0,  0,  0,  0],
 [ 0,  0,  0,  0,  0,  0,  0,  0,  1,  0,  0,  0,  0,  0,  0,  0,  0,  0,
   0,  0,  0,  0,  0,  0,  0],
 [ 0,  0,  0,  0,  0,  0,  0,  0,  0,  0,  0,  0,  0,  0,  0,  0,  0,  0,
   1,  0,  0,  0,  0,  0,  0],
 [ 0,  0,  0,  0,  0,  0,  0,  0,  0,  0,  0,  0,  0,  0,  0,  0,  0,  0,
   0,  1,  0,  0,  0,  0,  0],
 [ 0,  1,  0,  0,  0,  0,  0,  0,  0,  0,  0,  0,  0,  0,  0,  0,  0,  0,
   0,  0,  0,  0,  0,  0,  0],
 [ 0,  0,  0,  1,  0,  0,  0,  0,  0,  0,  0,  0,  0,  0,  0,  0,  0,  0,
   0,  0,  0,  0,  0,  0,  0],
 [ 0,  0,  0,  0,  1,  0,  0,  0,  0,  0,  0,  0,  0,  0,  0,  0,  0,  0,
   0,  0,  0,  0,  0,  0,  0],
 [ 0,  1,  0,  0,  0,  0,  0,  0,  0,  0,  0,  0,  0,  0,  0,  0,  0,  0,
   0,  0,  0,  0,  0,  0,  0],
 [ 0,  0,  0,  0,  0,  0,  0,  0,  0,  1,  0,  0,  0,  0,  0,  0,  0,  0,
   0,  0,  0,  0,  0,  0,  0]]
38	0	0.6557	0.6897	0.6723	0.6327
38	1	0.6444	0.6170	0.6304	0.6327
38	2	0.6471	0.5238	0.5789	0.6327
38	3	0.7059	0.9231	0.8000	0.6327
38	4	0.7692	0.8333	0.8000	0.6327
38	5	0.8571	0.5455	0.6667	0.6327
38	6	0.8333	0.5000	0.6250	0.6327
38	7	0.4000	0.3333	0.3636	0.6327
38	8	1.0000	1.0000	1.0000	0.6327
38	9	0.3750	1.0000	0.5455	0.6327
38	10	0.6667	0.6667	0.6667	0.6327
38	11	0.6667	1.0000	0.8000	0.6327
38	12	0.0000	0.0000	0.0000	0.6327
38	13	0.6667	1.0000	0.8000	0.6327
38	14	0.1429	1.0000	0.2500	0.6327
38	15	0.0000	0.0000	0.0000	0.6327
38	16	0.3333	1.0000	0.5000	0.6327
38	17	0.0000	0.0000	0.0000	0.6327
38	18	1.0000	1.0000	1.0000	0.6327
38	19	1.0000	1.0000	1.0000	0.6327
38	20	0.0000	0.0000	0.0000	0.6327
38	21	0.0000	0.0000	0.0000	0.6327
38	22	0.0000	0.0000	0.0000	0.6327
38	23	0.0000	0.0000	0.0000	0.6327
38	24	0.0000	0.0000	0.0000	0.6327

Confusion Matrix for Seed 38:
[[40,  7,  3,  2,  0,  0,  0,  0,  0,  1,  0,  1,  0,  0,  4,  0,  0,  0,
   0,  0,  0,  0,  0,  0,  0],
 [ 4, 29,  7,  1,  0,  0,  0,  2,  0,  0,  0,  0,  0,  0,  2,  1,  1,  0,
   0,  0,  0,  0,  0,  0,  0],
 [12,  2, 22,  1,  1,  0,  1,  0,  0,  0,  1,  0,  0,  1,  0,  1,  0,  0,
   0,  0,  0,  0,  0,  0,  0],
 [ 1,  0,  0, 12,  0,  0,  0,  0,  0,  0,  0,  0,  0,  0,  0,  0,  0,  0,
   0,  0,  0,  0,  0,  0,  0],
 [ 0,  0,  0,  0, 10,  0,  0,  1,  0,  1,  0,  0,  0,  0,  0,  0,  0,  0,
   0,  0,  0,  0,  0,  0,  0],
 [ 1,  0,  0,  0,  1,  6,  0,  0,  0,  1,  0,  0,  0,  0,  0,  2,  0,  0,
   0,  0,  0,  0,  0,  0,  0],
 [ 2,  0,  0,  1,  0,  1,  5,  0,  0,  0,  0,  0,  0,  0,  0,  0,  1,  0,
   0,  0,  0,  0,  0,  0,  0],
 [ 0,  3,  1,  0,  0,  0,  0,  2,  0,  0,  0,  0,  0,  0,  0,  0,  0,  0,
   0,  0,  0,  0,  0,  0,  0],
 [ 0,  0,  0,  0,  0,  0,  0,  0,  4,  0,  0,  0,  0,  0,  0,  0,  0,  0,
   0,  0,  0,  0,  0,  0,  0],
 [ 0,  0,  0,  0,  0,  0,  0,  0,  0,  3,  0,  0,  0,  0,  0,  0,  0,  0,
   0,  0,  0,  0,  0,  0,  0],
 [ 1,  0,  0,  0,  0,  0,  0,  0,  0,  0,  2,  0,  0,  0,  0,  0,  0,  0,
   0,  0,  0,  0,  0,  0,  0],
 [ 0,  0,  0,  0,  0,  0,  0,  0,  0,  0,  0,  2,  0,  0,  0,  0,  0,  0,
   0,  0,  0,  0,  0,  0,  0],
 [ 0,  2,  0,  0,  0,  0,  0,  0,  0,  0,  0,  0,  0,  0,  0,  0,  0,  0,
   0,  0,  0,  0,  0,  0,  0],
 [ 0,  0,  0,  0,  0,  0,  0,  0,  0,  0,  0,  0,  0,  2,  0,  0,  0,  0,
   0,  0,  0,  0,  0,  0,  0],
 [ 0,  0,  0,  0,  0,  0,  0,  0,  0,  0,  0,  0,  0,  0,  1,  0,  0,  0,
   0,  0,  0,  0,  0,  0,  0],
 [ 0,  1,  0,  0,  0,  0,  0,  0,  0,  0,  0,  0,  0,  0,  0,  0,  0,  0,
   0,  0,  0,  0,  0,  0,  0],
 [ 0,  0,  0,  0,  0,  0,  0,  0,  0,  0,  0,  0,  0,  0,  0,  0,  1,  0,
   0,  0,  0,  0,  0,  0,  0],
 [ 0,  0,  0,  0,  0,  0,  0,  0,  0,  1,  0,  0,  0,  0,  0,  0,  0,  0,
   0,  0,  0,  0,  0,  0,  0],
 [ 0,  0,  0,  0,  0,  0,  0,  0,  0,  0,  0,  0,  0,  0,  0,  0,  0,  0,
   1,  0,  0,  0,  0,  0,  0],
 [ 0,  0,  0,  0,  0,  0,  0,  0,  0,  0,  0,  0,  0,  0,  0,  0,  0,  0,
   0,  1,  0,  0,  0,  0,  0],
 [ 0,  0,  1,  0,  0,  0,  0,  0,  0,  0,  0,  0,  0,  0,  0,  0,  0,  0,
   0,  0,  0,  0,  0,  0,  0],
 [ 0,  1,  0,  0,  0,  0,  0,  0,  0,  0,  0,  0,  0,  0,  0,  0,  0,  0,
   0,  0,  0,  0,  0,  0,  0],
 [ 0,  0,  0,  0,  1,  0,  0,  0,  0,  0,  0,  0,  0,  0,  0,  0,  0,  0,
   0,  0,  0,  0,  0,  0,  0],
 [ 0,  0,  0,  0,  0,  0,  0,  0,  0,  0,  0,  0,  0,  0,  0,  1,  0,  0,
   0,  0,  0,  0,  0,  0,  0],
 [ 0,  0,  0,  0,  0,  0,  0,  0,  0,  1,  0,  0,  0,  0,  0,  0,  0,  0,
   0,  0,  0,  0,  0,  0,  0]]
40	0	0.6613	0.7069	0.6833	0.6637
40	1	0.6667	0.7234	0.6939	0.6637
40	2	0.5429	0.4524	0.4935	0.6637
40	3	0.7143	0.7692	0.7407	0.6637
40	4	0.9000	0.7500	0.8182	0.6637
40	5	0.7857	1.0000	0.8800	0.6637
40	6	0.6667	0.4000	0.5000	0.6637
40	7	1.0000	0.8333	0.9091	0.6637
40	8	1.0000	0.7500	0.8571	0.6637
40	9	0.7500	1.0000	0.8571	0.6637
40	10	0.7500	1.0000	0.8571	0.6637
40	11	0.5000	1.0000	0.6667	0.6637
40	12	0.3333	0.5000	0.4000	0.6637
40	13	0.6667	1.0000	0.8000	0.6637
40	14	0.0000	0.0000	0.0000	0.6637
40	15	0.5000	1.0000	0.6667	0.6637
40	16	0.2000	1.0000	0.3333	0.6637
40	17	0.0000	0.0000	0.0000	0.6637
40	18	0.0000	0.0000	0.0000	0.6637
40	19	1.0000	1.0000	1.0000	0.6637
40	20	0.0000	0.0000	0.0000	0.6637
40	21	0.0000	0.0000	0.0000	0.6637
40	22	0.0000	0.0000	0.0000	0.6637
40	23	0.0000	0.0000	0.0000	0.6637
40	24	0.0000	0.0000	0.0000	0.6637

Confusion Matrix for Seed 40:
[[41,  6,  7,  0,  0,  0,  1,  0,  0,  0,  0,  2,  1,  0,  0,  0,  0,  0,
   0,  0,  0,  0,  0,  0,  0],
 [ 5, 34,  4,  0,  0,  1,  1,  0,  0,  0,  0,  0,  0,  1,  0,  1,  0,  0,
   0,  0,  0,  0,  0,  0,  0],
 [14,  3, 19,  3,  1,  0,  0,  0,  0,  0,  1,  0,  1,  0,  0,  0,  0,  0,
   0,  0,  0,  0,  0,  0,  0],
 [ 0,  3,  0, 10,  0,  0,  0,  0,  0,  0,  0,  0,  0,  0,  0,  0,  0,  0,
   0,  0,  0,  0,  0,  0,  0],
 [ 0,  0,  2,  0,  9,  1,  0,  0,  0,  0,  0,  0,  0,  0,  0,  0,  0,  0,
   0,  0,  0,  0,  0,  0,  0],
 [ 0,  0,  0,  0,  0, 11,  0,  0,  0,  0,  0,  0,  0,  0,  0,  0,  0,  0,
   0,  0,  0,  0,  0,  0,  0],
 [ 2,  1,  0,  1,  0,  1,  4,  0,  0,  0,  0,  0,  0,  0,  0,  0,  1,  0,
   0,  0,  0,  0,  0,  0,  0],
 [ 0,  1,  0,  0,  0,  0,  0,  5,  0,  0,  0,  0,  0,  0,  0,  0,  0,  0,
   0,  0,  0,  0,  0,  0,  0],
 [ 0,  0,  0,  0,  0,  0,  0,  0,  3,  1,  0,  0,  0,  0,  0,  0,  0,  0,
   0,  0,  0,  0,  0,  0,  0],
 [ 0,  0,  0,  0,  0,  0,  0,  0,  0,  3,  0,  0,  0,  0,  0,  0,  0,  0,
   0,  0,  0,  0,  0,  0,  0],
 [ 0,  0,  0,  0,  0,  0,  0,  0,  0,  0,  3,  0,  0,  0,  0,  0,  0,  0,
   0,  0,  0,  0,  0,  0,  0],
 [ 0,  0,  0,  0,  0,  0,  0,  0,  0,  0,  0,  2,  0,  0,  0,  0,  0,  0,
   0,  0,  0,  0,  0,  0,  0],
 [ 0,  0,  0,  0,  0,  0,  0,  0,  0,  0,  0,  0,  1,  0,  0,  0,  1,  0,
   0,  0,  0,  0,  0,  0,  0],
 [ 0,  0,  0,  0,  0,  0,  0,  0,  0,  0,  0,  0,  0,  2,  0,  0,  0,  0,
   0,  0,  0,  0,  0,  0,  0],
 [ 0,  1,  0,  0,  0,  0,  0,  0,  0,  0,  0,  0,  0,  0,  0,  0,  0,  0,
   0,  0,  0,  0,  0,  0,  0],
 [ 0,  0,  0,  0,  0,  0,  0,  0,  0,  0,  0,  0,  0,  0,  0,  1,  0,  0,
   0,  0,  0,  0,  0,  0,  0],
 [ 0,  0,  0,  0,  0,  0,  0,  0,  0,  0,  0,  0,  0,  0,  0,  0,  1,  0,
   0,  0,  0,  0,  0,  0,  0],
 [ 0,  0,  0,  0,  0,  0,  0,  0,  0,  0,  0,  0,  0,  0,  0,  0,  1,  0,
   0,  0,  0,  0,  0,  0,  0],
 [ 0,  0,  1,  0,  0,  0,  0,  0,  0,  0,  0,  0,  0,  0,  0,  0,  0,  0,
   0,  0,  0,  0,  0,  0,  0],
 [ 0,  0,  0,  0,  0,  0,  0,  0,  0,  0,  0,  0,  0,  0,  0,  0,  0,  0,
   0,  1,  0,  0,  0,  0,  0],
 [ 0,  0,  1,  0,  0,  0,  0,  0,  0,  0,  0,  0,  0,  0,  0,  0,  0,  0,
   0,  0,  0,  0,  0,  0,  0],
 [ 0,  1,  0,  0,  0,  0,  0,  0,  0,  0,  0,  0,  0,  0,  0,  0,  0,  0,
   0,  0,  0,  0,  0,  0,  0],
 [ 0,  0,  1,  0,  0,  0,  0,  0,  0,  0,  0,  0,  0,  0,  0,  0,  0,  0,
   0,  0,  0,  0,  0,  0,  0],
 [ 0,  1,  0,  0,  0,  0,  0,  0,  0,  0,  0,  0,  0,  0,  0,  0,  0,  0,
   0,  0,  0,  0,  0,  0,  0],
 [ 0,  0,  0,  0,  0,  0,  0,  0,  0,  0,  0,  0,  0,  0,  0,  0,  1,  0,
   0,  0,  0,  0,  0,  0,  0]]
