Seed	Label	Precision	Recall	F1	Accuracy
2	0	0.9487	0.9136	0.9308	0.9331
2	1	0.9766	0.9542	0.9653	0.9331
2	2	0.8254	0.9123	0.8667	0.9331

Confusion Matrix for Seed 2:
[[ 74,   0,   7],
 [  2, 125,   4],
 [  2,   3,  52]]
4	0	0.8780	0.8889	0.8834	0.8959
4	1	0.9516	0.9008	0.9255	0.8959
4	2	0.8095	0.8947	0.8500	0.8959

Confusion Matrix for Seed 4:
[[ 72,   3,   6],
 [  7, 118,   6],
 [  3,   3,  51]]
6	0	0.9125	0.9012	0.9068	0.9182
6	1	0.9403	0.9618	0.9509	0.9182
6	2	0.8727	0.8421	0.8571	0.9182

Confusion Matrix for Seed 6:
[[ 73,   3,   5],
 [  3, 126,   2],
 [  4,   5,  48]]
8	0	0.9250	0.9136	0.9193	0.9257
8	1	0.9612	0.9466	0.9538	0.9257
8	2	0.8500	0.8947	0.8718	0.9257

Confusion Matrix for Seed 8:
[[ 74,   1,   6],
 [  4, 124,   3],
 [  2,   4,  51]]
10	0	0.9324	0.8519	0.8903	0.9294
10	1	0.9692	0.9618	0.9655	0.9294
10	2	0.8462	0.9649	0.9016	0.9294

Confusion Matrix for Seed 10:
[[ 69,   4,   8],
 [  3, 126,   2],
 [  2,   0,  55]]
12	0	0.9221	0.8765	0.8987	0.9071
12	1	0.9457	0.9313	0.9385	0.9071
12	2	0.8095	0.8947	0.8500	0.9071

Confusion Matrix for Seed 12:
[[ 71,   1,   9],
 [  6, 122,   3],
 [  0,   6,  51]]
14	0	0.8875	0.8765	0.8820	0.9071
14	1	0.9453	0.9237	0.9344	0.9071
14	2	0.8525	0.9123	0.8814	0.9071

Confusion Matrix for Seed 14:
[[ 71,   5,   5],
 [  6, 121,   4],
 [  3,   2,  52]]
16	0	0.8929	0.9259	0.9091	0.9145
16	1	0.9516	0.9008	0.9255	0.9145
16	2	0.8689	0.9298	0.8983	0.9145

Confusion Matrix for Seed 16:
[[ 75,   3,   3],
 [  8, 118,   5],
 [  1,   3,  53]]
18	0	0.9268	0.9383	0.9325	0.9331
18	1	0.9688	0.9466	0.9575	0.9331
18	2	0.8644	0.8947	0.8793	0.9331

Confusion Matrix for Seed 18:
[[ 76,   1,   4],
 [  3, 124,   4],
 [  3,   3,  51]]
20	0	0.9506	0.9506	0.9506	0.9368
20	1	0.9394	0.9466	0.9430	0.9368
20	2	0.9107	0.8947	0.9027	0.9368

Confusion Matrix for Seed 20:
[[ 77,   2,   2],
 [  4, 124,   3],
 [  0,   6,  51]]
22	0	0.9359	0.9012	0.9182	0.9405
22	1	0.9542	0.9542	0.9542	0.9405
22	2	0.9167	0.9649	0.9402	0.9405

Confusion Matrix for Seed 22:
[[ 73,   4,   4],
 [  5, 125,   1],
 [  0,   2,  55]]
24	0	0.9024	0.9136	0.9080	0.9182
24	1	0.9365	0.9008	0.9183	0.9182
24	2	0.9016	0.9649	0.9322	0.9182

Confusion Matrix for Seed 24:
[[ 74,   6,   1],
 [  8, 118,   5],
 [  0,   2,  55]]
26	0	0.9333	0.8642	0.8974	0.9145
26	1	0.8936	0.9618	0.9265	0.9145
26	2	0.9434	0.8772	0.9091	0.9145

Confusion Matrix for Seed 26:
[[ 70,  10,   1],
 [  3, 126,   2],
 [  2,   5,  50]]
28	0	0.9577	0.8395	0.8947	0.9108
28	1	0.9179	0.9389	0.9283	0.9108
28	2	0.8438	0.9474	0.8926	0.9108

Confusion Matrix for Seed 28:
[[ 68,   9,   4],
 [  2, 123,   6],
 [  1,   2,  54]]
30	0	0.8810	0.9136	0.8970	0.9071
30	1	0.9338	0.9695	0.9513	0.9071
30	2	0.8776	0.7544	0.8113	0.9071

Confusion Matrix for Seed 30:
[[ 74,   3,   4],
 [  2, 127,   2],
 [  8,   6,  43]]
32	0	0.8846	0.8519	0.8679	0.9033
32	1	0.9457	0.9313	0.9385	0.9033
32	2	0.8387	0.9123	0.8739	0.9033

Confusion Matrix for Seed 32:
[[ 69,   5,   7],
 [  6, 122,   3],
 [  3,   2,  52]]
34	0	0.9125	0.9012	0.9068	0.9257
34	1	0.9531	0.9313	0.9421	0.9257
34	2	0.8852	0.9474	0.9153	0.9257

Confusion Matrix for Seed 34:
[[ 73,   5,   3],
 [  5, 122,   4],
 [  2,   1,  54]]
36	0	0.9531	0.7531	0.8414	0.8885
36	1	0.9179	0.9389	0.9283	0.8885
36	2	0.7746	0.9649	0.8594	0.8885

Confusion Matrix for Seed 36:
[[ 61,  10,  10],
 [  2, 123,   6],
 [  1,   1,  55]]
38	0	0.9250	0.9136	0.9193	0.9331
38	1	0.9760	0.9313	0.9531	0.9331
38	2	0.8594	0.9649	0.9091	0.9331

Confusion Matrix for Seed 38:
[[ 74,   2,   5],
 [  5, 122,   4],
 [  1,   1,  55]]
40	0	0.8588	0.9012	0.8795	0.9145
40	1	0.9606	0.9313	0.9457	0.9145
40	2	0.8947	0.8947	0.8947	0.9145

Confusion Matrix for Seed 40:
[[ 73,   3,   5],
 [  8, 122,   1],
 [  4,   2,  51]]
