Seed	Label	Precision	Recall	F1	Accuracy
2	0	0.8750	0.8750	0.8750	0.8912
2	1	0.9174	0.8473	0.8810	0.8912
2	2	0.7969	0.8947	0.8430	0.8912
2	3	0.8906	0.9500	0.9194	0.8912
2	4	0.9333	0.9430	0.9381	0.8912
2	5	0.8947	1.0000	0.9444	0.8912
2	6	0.2500	1.0000	0.4000	0.8912
2	7	0.8919	0.8919	0.8919	0.8912
2	8	1.0000	0.8333	0.9091	0.8912
2	9	0.6000	0.8571	0.7059	0.8912
2	10	0.9231	0.9231	0.9231	0.8912
2	11	0.9000	0.7500	0.8182	0.8912
2	12	0.8000	0.8000	0.8000	0.8912
2	13	1.0000	1.0000	1.0000	0.8912
2	14	0.0000	0.0000	0.0000	0.8912
2	15	0.9412	0.8421	0.8889	0.8912
2	16	0.8750	0.7000	0.7778	0.8912
2	17	0.5000	1.0000	0.6667	0.8912
2	18	1.0000	0.6667	0.8000	0.8912
2	19	1.0000	0.6667	0.8000	0.8912
2	20	0.0000	0.0000	0.0000	0.8912
2	21	1.0000	1.0000	1.0000	0.8912
2	22	25.0000	25.0000	25.0000	0.8912
2	23	25.0000	25.0000	25.0000	0.8912
2	24	25.0000	25.0000	25.0000	0.8912

Confusion Matrix for Seed 2:
[[ 70,   0,   4,   3,   2,   0,   0,   0,   0,   0,   0,   1,   0,   0,
    0,   0,   0,   0,   0,   0,   0,   0],
 [  4, 111,   1,   2,   5,   1,   2,   3,   0,   0,   0,   0,   1,   0,
    0,   1,   0,   0,   0,   0,   0,   0],
 [  1,   1,  51,   0,   2,   0,   0,   1,   0,   0,   1,   0,   0,   0,
    0,   0,   0,   0,   0,   0,   0,   0],
 [  2,   0,   0,  57,   1,   0,   0,   0,   0,   0,   0,   0,   0,   0,
    0,   0,   0,   0,   0,   0,   0,   0],
 [  1,   5,   4,   0, 182,   0,   0,   0,   0,   1,   0,   0,   0,   0,
    0,   0,   0,   0,   0,   0,   0,   0],
 [  0,   0,   0,   0,   0,  17,   0,   0,   0,   0,   0,   0,   0,   0,
    0,   0,   0,   0,   0,   0,   0,   0],
 [  0,   0,   0,   0,   0,   0,   1,   0,   0,   0,   0,   0,   0,   0,
    0,   0,   0,   0,   0,   0,   0,   0],
 [  0,   0,   2,   1,   1,   0,   0,  33,   0,   0,   0,   0,   0,   0,
    0,   0,   0,   0,   0,   0,   0,   0],
 [  1,   1,   0,   0,   1,   0,   0,   0,  15,   0,   0,   0,   0,   0,
    0,   0,   0,   0,   0,   0,   0,   0],
 [  0,   0,   1,   0,   0,   0,   0,   0,   0,   6,   0,   0,   0,   0,
    0,   0,   0,   0,   0,   0,   0,   0],
 [  0,   1,   0,   0,   0,   0,   0,   0,   0,   0,  12,   0,   0,   0,
    0,   0,   0,   0,   0,   0,   0,   0],
 [  1,   0,   0,   0,   0,   0,   0,   0,   0,   1,   0,   9,   0,   0,
    1,   0,   0,   0,   0,   0,   0,   0],
 [  0,   0,   0,   0,   0,   0,   0,   0,   0,   1,   0,   0,   4,   0,
    0,   0,   0,   0,   0,   0,   0,   0],
 [  0,   0,   0,   0,   0,   0,   0,   0,   0,   0,   0,   0,   0,   1,
    0,   0,   0,   0,   0,   0,   0,   0],
 [  0,   1,   0,   0,   0,   0,   0,   0,   0,   0,   0,   0,   0,   0,
    0,   0,   0,   0,   0,   0,   0,   0],
 [  0,   0,   1,   0,   1,   1,   0,   0,   0,   0,   0,   0,   0,   0,
    0,  16,   0,   0,   0,   0,   0,   0],
 [  0,   0,   0,   1,   0,   0,   1,   0,   0,   0,   0,   0,   0,   0,
    0,   0,   7,   1,   0,   0,   0,   0],
 [  0,   0,   0,   0,   0,   0,   0,   0,   0,   0,   0,   0,   0,   0,
    0,   0,   0,   1,   0,   0,   0,   0],
 [  0,   1,   0,   0,   0,   0,   0,   0,   0,   0,   0,   0,   0,   0,
    0,   0,   0,   0,   2,   0,   0,   0],
 [  0,   0,   0,   0,   0,   0,   0,   0,   0,   0,   0,   0,   0,   0,
    0,   0,   1,   0,   0,   2,   0,   0],
 [  0,   0,   0,   0,   0,   0,   0,   0,   0,   1,   0,   0,   0,   0,
    0,   0,   0,   0,   0,   0,   0,   0],
 [  0,   0,   0,   0,   0,   0,   0,   0,   0,   0,   0,   0,   0,   0,
    0,   0,   0,   0,   0,   0,   0,   1]]
4	0	0.8537	0.8750	0.8642	0.8793
4	1	0.8296	0.8550	0.8421	0.8793
4	2	0.8333	0.8772	0.8547	0.8793
4	3	0.8793	0.8500	0.8644	0.8793
4	4	0.9430	0.9430	0.9430	0.8793
4	5	0.8421	0.9412	0.8889	0.8793
4	6	0.3333	1.0000	0.5000	0.8793
4	7	0.8158	0.8378	0.8267	0.8793
4	8	0.9474	1.0000	0.9730	0.8793
4	9	0.8571	0.8571	0.8571	0.8793
4	10	1.0000	0.8462	0.9167	0.8793
4	11	1.0000	0.9167	0.9565	0.8793
4	12	1.0000	0.4000	0.5714	0.8793
4	13	0.0000	0.0000	0.0000	0.8793
4	14	0.0000	0.0000	0.0000	0.8793
4	15	0.7778	0.7368	0.7568	0.8793
4	16	1.0000	1.0000	1.0000	0.8793
4	17	0.0000	0.0000	0.0000	0.8793
4	18	1.0000	0.6667	0.8000	0.8793
4	19	1.0000	0.6667	0.8000	0.8793
4	20	0.0000	0.0000	0.0000	0.8793
4	21	1.0000	1.0000	1.0000	0.8793
4	22	25.0000	25.0000	25.0000	0.8793
4	23	25.0000	25.0000	25.0000	0.8793
4	24	25.0000	25.0000	25.0000	0.8793

Confusion Matrix for Seed 4:
[[ 70,   3,   3,   1,   1,   0,   1,   1,   0,   0,   0,   0,   0,   0,
    0,   0,   0,   0,   0,   0,   0,   0],
 [  6, 112,   4,   3,   2,   0,   0,   3,   0,   0,   0,   0,   0,   0,
    0,   1,   0,   0,   0,   0,   0,   0],
 [  1,   2,  50,   0,   3,   0,   0,   1,   0,   0,   0,   0,   0,   0,
    0,   0,   0,   0,   0,   0,   0,   0],
 [  2,   5,   0,  51,   1,   0,   0,   1,   0,   0,   0,   0,   0,   0,
    0,   0,   0,   0,   0,   0,   0,   0],
 [  1,   7,   2,   0, 182,   0,   0,   0,   0,   1,   0,   0,   0,   0,
    0,   0,   0,   0,   0,   0,   0,   0],
 [  0,   0,   0,   0,   0,  16,   0,   0,   0,   0,   0,   0,   0,   0,
    0,   1,   0,   0,   0,   0,   0,   0],
 [  0,   0,   0,   0,   0,   0,   1,   0,   0,   0,   0,   0,   0,   0,
    0,   0,   0,   0,   0,   0,   0,   0],
 [  0,   1,   0,   2,   1,   0,   0,  31,   0,   0,   0,   0,   0,   0,
    0,   2,   0,   0,   0,   0,   0,   0],
 [  0,   0,   0,   0,   0,   0,   0,   0,  18,   0,   0,   0,   0,   0,
    0,   0,   0,   0,   0,   0,   0,   0],
 [  0,   0,   0,   0,   1,   0,   0,   0,   0,   6,   0,   0,   0,   0,
    0,   0,   0,   0,   0,   0,   0,   0],
 [  0,   2,   0,   0,   0,   0,   0,   0,   0,   0,  11,   0,   0,   0,
    0,   0,   0,   0,   0,   0,   0,   0],
 [  1,   0,   0,   0,   0,   0,   0,   0,   0,   0,   0,  11,   0,   0,
    0,   0,   0,   0,   0,   0,   0,   0],
 [  0,   0,   0,   0,   1,   2,   0,   0,   0,   0,   0,   0,   2,   0,
    0,   0,   0,   0,   0,   0,   0,   0],
 [  0,   0,   1,   0,   0,   0,   0,   0,   0,   0,   0,   0,   0,   0,
    0,   0,   0,   0,   0,   0,   0,   0],
 [  0,   0,   0,   1,   0,   0,   0,   0,   0,   0,   0,   0,   0,   0,
    0,   0,   0,   0,   0,   0,   0,   0],
 [  1,   2,   0,   0,   1,   1,   0,   0,   0,   0,   0,   0,   0,   0,
    0,  14,   0,   0,   0,   0,   0,   0],
 [  0,   0,   0,   0,   0,   0,   0,   0,   0,   0,   0,   0,   0,   0,
    0,   0,  10,   0,   0,   0,   0,   0],
 [  0,   0,   0,   0,   0,   0,   0,   1,   0,   0,   0,   0,   0,   0,
    0,   0,   0,   0,   0,   0,   0,   0],
 [  0,   0,   0,   0,   0,   0,   0,   0,   1,   0,   0,   0,   0,   0,
    0,   0,   0,   0,   2,   0,   0,   0],
 [  0,   0,   0,   0,   0,   0,   1,   0,   0,   0,   0,   0,   0,   0,
    0,   0,   0,   0,   0,   2,   0,   0],
 [  0,   1,   0,   0,   0,   0,   0,   0,   0,   0,   0,   0,   0,   0,
    0,   0,   0,   0,   0,   0,   0,   0],
 [  0,   0,   0,   0,   0,   0,   0,   0,   0,   0,   0,   0,   0,   0,
    0,   0,   0,   0,   0,   0,   0,   1]]
6	0	0.9178	0.8375	0.8758	0.8793
6	1	0.8561	0.8626	0.8593	0.8793
6	2	0.8000	0.9123	0.8525	0.8793
6	3	0.9057	0.8000	0.8496	0.8793
6	4	0.9196	0.9482	0.9337	0.8793
6	5	0.8750	0.8235	0.8485	0.8793
6	6	0.0000	0.0000	0.0000	0.8793
6	7	0.9412	0.8649	0.9014	0.8793
6	8	0.9474	1.0000	0.9730	0.8793
6	9	0.5714	0.5714	0.5714	0.8793
6	10	0.9231	0.9231	0.9231	0.8793
6	11	0.8462	0.9167	0.8800	0.8793
6	12	0.5714	0.8000	0.6667	0.8793
6	13	0.0000	0.0000	0.0000	0.8793
6	14	0.0000	0.0000	0.0000	0.8793
6	15	0.8095	0.8947	0.8500	0.8793
6	16	0.8182	0.9000	0.8571	0.8793
6	17	0.0000	0.0000	0.0000	0.8793
6	18	1.0000	1.0000	1.0000	0.8793
6	19	1.0000	0.6667	0.8000	0.8793
6	20	0.0000	0.0000	0.0000	0.8793
6	21	1.0000	1.0000	1.0000	0.8793
6	22	25.0000	25.0000	25.0000	0.8793
6	23	25.0000	25.0000	25.0000	0.8793
6	24	25.0000	25.0000	25.0000	0.8793

Confusion Matrix for Seed 6:
[[ 67,   5,   7,   0,   0,   0,   0,   0,   0,   0,   0,   0,   0,   0,
    1,   0,   0,   0,   0,   0,   0,   0],
 [  3, 113,   2,   1,  10,   0,   0,   0,   0,   0,   0,   1,   0,   0,
    0,   1,   0,   0,   0,   0,   0,   0],
 [  0,   2,  52,   0,   2,   0,   0,   0,   0,   0,   0,   0,   0,   0,
    0,   1,   0,   0,   0,   0,   0,   0],
 [  2,   2,   1,  48,   1,   0,   0,   1,   1,   0,   0,   0,   1,   0,
    0,   0,   2,   1,   0,   0,   0,   0],
 [  0,   7,   1,   1, 183,   0,   0,   0,   0,   1,   0,   0,   0,   0,
    0,   0,   0,   0,   0,   0,   0,   0],
 [  0,   0,   0,   0,   0,  14,   0,   0,   0,   0,   0,   1,   2,   0,
    0,   0,   0,   0,   0,   0,   0,   0],
 [  0,   0,   0,   0,   0,   1,   0,   0,   0,   0,   0,   0,   0,   0,
    0,   0,   0,   0,   0,   0,   0,   0],
 [  0,   1,   0,   3,   0,   0,   0,  32,   0,   0,   0,   0,   0,   0,
    0,   1,   0,   0,   0,   0,   0,   0],
 [  0,   0,   0,   0,   0,   0,   0,   0,  18,   0,   0,   0,   0,   0,
    0,   0,   0,   0,   0,   0,   0,   0],
 [  0,   0,   0,   0,   2,   0,   0,   0,   0,   4,   1,   0,   0,   0,
    0,   0,   0,   0,   0,   0,   0,   0],
 [  0,   0,   0,   0,   0,   0,   0,   0,   0,   0,  12,   0,   0,   0,
    0,   1,   0,   0,   0,   0,   0,   0],
 [  1,   0,   0,   0,   0,   0,   0,   0,   0,   0,   0,  11,   0,   0,
    0,   0,   0,   0,   0,   0,   0,   0],
 [  0,   0,   0,   0,   0,   1,   0,   0,   0,   0,   0,   0,   4,   0,
    0,   0,   0,   0,   0,   0,   0,   0],
 [  0,   0,   1,   0,   0,   0,   0,   0,   0,   0,   0,   0,   0,   0,
    0,   0,   0,   0,   0,   0,   0,   0],
 [  0,   1,   0,   0,   0,   0,   0,   0,   0,   0,   0,   0,   0,   0,
    0,   0,   0,   0,   0,   0,   0,   0],
 [  0,   0,   1,   0,   1,   0,   0,   0,   0,   0,   0,   0,   0,   0,
    0,  17,   0,   0,   0,   0,   0,   0],
 [  0,   1,   0,   0,   0,   0,   0,   0,   0,   0,   0,   0,   0,   0,
    0,   0,   9,   0,   0,   0,   0,   0],
 [  0,   0,   0,   0,   0,   0,   0,   1,   0,   0,   0,   0,   0,   0,
    0,   0,   0,   0,   0,   0,   0,   0],
 [  0,   0,   0,   0,   0,   0,   0,   0,   0,   0,   0,   0,   0,   0,
    0,   0,   0,   0,   3,   0,   0,   0],
 [  0,   0,   0,   0,   0,   0,   0,   0,   0,   1,   0,   0,   0,   0,
    0,   0,   0,   0,   0,   2,   0,   0],
 [  0,   0,   0,   0,   0,   0,   0,   0,   0,   1,   0,   0,   0,   0,
    0,   0,   0,   0,   0,   0,   0,   0],
 [  0,   0,   0,   0,   0,   0,   0,   0,   0,   0,   0,   0,   0,   0,
    0,   0,   0,   0,   0,   0,   0,   1]]
8	0	0.8625	0.8625	0.8625	0.8644
8	1	0.8346	0.8473	0.8409	0.8644
8	2	0.8361	0.8947	0.8644	0.8644
8	3	0.8704	0.7833	0.8246	0.8644
8	4	0.9275	0.9275	0.9275	0.8644
8	5	0.8824	0.8824	0.8824	0.8644
8	6	0.2500	1.0000	0.4000	0.8644
8	7	0.8462	0.8919	0.8684	0.8644
8	8	0.8889	0.8889	0.8889	0.8644
8	9	0.5000	0.5714	0.5333	0.8644
8	10	0.9286	1.0000	0.9630	0.8644
8	11	1.0000	0.8333	0.9091	0.8644
8	12	0.6250	1.0000	0.7692	0.8644
8	13	1.0000	1.0000	1.0000	0.8644
8	14	0.0000	0.0000	0.0000	0.8644
8	15	0.8125	0.6842	0.7429	0.8644
8	16	0.9000	0.9000	0.9000	0.8644
8	17	0.0000	0.0000	0.0000	0.8644
8	18	0.5000	0.3333	0.4000	0.8644
8	19	1.0000	0.6667	0.8000	0.8644
8	20	0.0000	0.0000	0.0000	0.8644
8	21	0.0000	0.0000	0.0000	0.8644
8	22	25.0000	25.0000	25.0000	0.8644
8	23	25.0000	25.0000	25.0000	0.8644
8	24	25.0000	25.0000	25.0000	0.8644

Confusion Matrix for Seed 8:
[[ 69,   3,   3,   1,   1,   0,   2,   0,   0,   0,   0,   0,   0,   0,
    0,   1,   0,   0,   0,   0,   0,   0],
 [  6, 111,   1,   2,   6,   0,   0,   4,   0,   0,   0,   0,   1,   0,
    0,   0,   0,   0,   0,   0,   0,   0],
 [  0,   0,  51,   0,   2,   0,   0,   1,   0,   3,   0,   0,   0,   0,
    0,   0,   0,   0,   0,   0,   0,   0],
 [  4,   5,   0,  47,   0,   0,   0,   0,   1,   0,   1,   0,   0,   0,
    0,   2,   0,   0,   0,   0,   0,   0],
 [  1,   8,   2,   1, 179,   0,   0,   1,   1,   0,   0,   0,   0,   0,
    0,   0,   0,   0,   0,   0,   0,   0],
 [  0,   0,   0,   0,   0,  15,   0,   0,   0,   0,   0,   0,   2,   0,
    0,   0,   0,   0,   0,   0,   0,   0],
 [  0,   0,   0,   0,   0,   0,   1,   0,   0,   0,   0,   0,   0,   0,
    0,   0,   0,   0,   0,   0,   0,   0],
 [  0,   1,   1,   2,   0,   0,   0,  33,   0,   0,   0,   0,   0,   0,
    0,   0,   0,   0,   0,   0,   0,   0],
 [  0,   1,   0,   0,   0,   0,   0,   0,  16,   0,   0,   0,   0,   0,
    0,   0,   0,   1,   0,   0,   0,   0],
 [  0,   0,   0,   0,   3,   0,   0,   0,   0,   4,   0,   0,   0,   0,
    0,   0,   0,   0,   0,   0,   0,   0],
 [  0,   0,   0,   0,   0,   0,   0,   0,   0,   0,  13,   0,   0,   0,
    0,   0,   0,   0,   0,   0,   0,   0],
 [  0,   1,   1,   0,   0,   0,   0,   0,   0,   0,   0,  10,   0,   0,
    0,   0,   0,   0,   0,   0,   0,   0],
 [  0,   0,   0,   0,   0,   0,   0,   0,   0,   0,   0,   0,   5,   0,
    0,   0,   0,   0,   0,   0,   0,   0],
 [  0,   0,   0,   0,   0,   0,   0,   0,   0,   0,   0,   0,   0,   1,
    0,   0,   0,   0,   0,   0,   0,   0],
 [  0,   0,   0,   1,   0,   0,   0,   0,   0,   0,   0,   0,   0,   0,
    0,   0,   0,   0,   0,   0,   0,   0],
 [  0,   1,   1,   0,   1,   2,   0,   0,   0,   0,   0,   0,   0,   0,
    0,  13,   0,   0,   1,   0,   0,   0],
 [  0,   0,   0,   0,   0,   0,   1,   0,   0,   0,   0,   0,   0,   0,
    0,   0,   9,   0,   0,   0,   0,   0],
 [  0,   0,   0,   0,   1,   0,   0,   0,   0,   0,   0,   0,   0,   0,
    0,   0,   0,   0,   0,   0,   0,   0],
 [  0,   1,   1,   0,   0,   0,   0,   0,   0,   0,   0,   0,   0,   0,
    0,   0,   0,   0,   1,   0,   0,   0],
 [  0,   0,   0,   0,   0,   0,   0,   0,   0,   0,   0,   0,   0,   0,
    0,   0,   1,   0,   0,   2,   0,   0],
 [  0,   0,   0,   0,   0,   0,   0,   0,   0,   1,   0,   0,   0,   0,
    0,   0,   0,   0,   0,   0,   0,   0],
 [  0,   1,   0,   0,   0,   0,   0,   0,   0,   0,   0,   0,   0,   0,
    0,   0,   0,   0,   0,   0,   0,   0]]
10	0	0.9315	0.8500	0.8889	0.8718
10	1	0.8397	0.8397	0.8397	0.8718
10	2	0.8033	0.8596	0.8305	0.8718
10	3	0.9273	0.8500	0.8870	0.8718
10	4	0.9312	0.9119	0.9215	0.8718
10	5	1.0000	0.8824	0.9375	0.8718
10	6	0.2000	1.0000	0.3333	0.8718
10	7	0.8718	0.9189	0.8947	0.8718
10	8	0.9412	0.8889	0.9143	0.8718
10	9	0.6364	1.0000	0.7778	0.8718
10	10	0.8571	0.9231	0.8889	0.8718
10	11	1.0000	0.7500	0.8571	0.8718
10	12	0.6250	1.0000	0.7692	0.8718
10	13	0.0000	0.0000	0.0000	0.8718
10	14	1.0000	1.0000	1.0000	0.8718
10	15	0.7391	0.8947	0.8095	0.8718
10	16	0.7778	0.7000	0.7368	0.8718
10	17	0.3333	1.0000	0.5000	0.8718
10	18	0.6000	1.0000	0.7500	0.8718
10	19	1.0000	0.6667	0.8000	0.8718
10	20	0.0000	0.0000	0.0000	0.8718
10	21	1.0000	1.0000	1.0000	0.8718
10	22	25.0000	25.0000	25.0000	0.8718
10	23	25.0000	25.0000	25.0000	0.8718
10	24	25.0000	25.0000	25.0000	0.8718

Confusion Matrix for Seed 10:
[[ 68,   4,   5,   0,   1,   0,   2,   0,   0,   0,   0,   0,   0,   0,
    0,   0,   0,   0,   0,   0,   0,   0],
 [  2, 110,   2,   2,   8,   0,   2,   2,   0,   0,   0,   0,   0,   0,
    0,   2,   0,   1,   0,   0,   0,   0],
 [  0,   2,  49,   0,   1,   0,   0,   1,   0,   0,   2,   0,   0,   0,
    0,   0,   0,   0,   2,   0,   0,   0],
 [  0,   5,   0,  51,   0,   0,   0,   1,   0,   0,   0,   0,   1,   0,
    0,   1,   0,   1,   0,   0,   0,   0],
 [  0,   9,   5,   1, 176,   0,   0,   0,   0,   2,   0,   0,   0,   0,
    0,   0,   0,   0,   0,   0,   0,   0],
 [  0,   0,   0,   0,   0,  15,   0,   0,   0,   0,   0,   0,   1,   0,
    0,   1,   0,   0,   0,   0,   0,   0],
 [  0,   0,   0,   0,   0,   0,   1,   0,   0,   0,   0,   0,   0,   0,
    0,   0,   0,   0,   0,   0,   0,   0],
 [  0,   0,   0,   1,   0,   0,   0,  34,   0,   0,   0,   0,   0,   0,
    0,   2,   0,   0,   0,   0,   0,   0],
 [  0,   0,   0,   0,   2,   0,   0,   0,  16,   0,   0,   0,   0,   0,
    0,   0,   0,   0,   0,   0,   0,   0],
 [  0,   0,   0,   0,   0,   0,   0,   0,   0,   7,   0,   0,   0,   0,
    0,   0,   0,   0,   0,   0,   0,   0],
 [  0,   0,   0,   0,   0,   0,   0,   0,   0,   0,  12,   0,   0,   0,
    0,   0,   1,   0,   0,   0,   0,   0],
 [  1,   0,   0,   0,   1,   0,   0,   0,   1,   0,   0,   9,   0,   0,
    0,   0,   0,   0,   0,   0,   0,   0],
 [  0,   0,   0,   0,   0,   0,   0,   0,   0,   0,   0,   0,   5,   0,
    0,   0,   0,   0,   0,   0,   0,   0],
 [  0,   0,   0,   0,   0,   0,   0,   0,   0,   1,   0,   0,   0,   0,
    0,   0,   0,   0,   0,   0,   0,   0],
 [  0,   0,   0,   0,   0,   0,   0,   0,   0,   0,   0,   0,   0,   0,
    1,   0,   0,   0,   0,   0,   0,   0],
 [  1,   0,   0,   0,   0,   0,   0,   1,   0,   0,   0,   0,   0,   0,
    0,  17,   0,   0,   0,   0,   0,   0],
 [  1,   1,   0,   0,   0,   0,   0,   0,   0,   0,   0,   0,   1,   0,
    0,   0,   7,   0,   0,   0,   0,   0],
 [  0,   0,   0,   0,   0,   0,   0,   0,   0,   0,   0,   0,   0,   0,
    0,   0,   0,   1,   0,   0,   0,   0],
 [  0,   0,   0,   0,   0,   0,   0,   0,   0,   0,   0,   0,   0,   0,
    0,   0,   0,   0,   3,   0,   0,   0],
 [  0,   0,   0,   0,   0,   0,   0,   0,   0,   0,   0,   0,   0,   0,
    0,   0,   1,   0,   0,   2,   0,   0],
 [  0,   0,   0,   0,   0,   0,   0,   0,   0,   1,   0,   0,   0,   0,
    0,   0,   0,   0,   0,   0,   0,   0],
 [  0,   0,   0,   0,   0,   0,   0,   0,   0,   0,   0,   0,   0,   0,
    0,   0,   0,   0,   0,   0,   0,   1]]
12	0	0.8537	0.8750	0.8642	0.8674
12	1	0.8720	0.8321	0.8516	0.8674
12	2	0.7966	0.8246	0.8103	0.8674
12	3	0.8525	0.8667	0.8595	0.8674
12	4	0.9137	0.9326	0.9231	0.8674
12	5	0.9375	0.8824	0.9091	0.8674
12	6	1.0000	1.0000	1.0000	0.8674
12	7	0.8158	0.8378	0.8267	0.8674
12	8	0.8500	0.9444	0.8947	0.8674
12	9	0.5000	0.7143	0.5882	0.8674
12	10	1.0000	0.7692	0.8696	0.8674
12	11	0.8889	0.6667	0.7619	0.8674
12	12	0.5714	0.8000	0.6667	0.8674
12	13	1.0000	1.0000	1.0000	0.8674
12	14	1.0000	1.0000	1.0000	0.8674
12	15	0.8421	0.8421	0.8421	0.8674
12	16	1.0000	0.8000	0.8889	0.8674
12	17	1.0000	1.0000	1.0000	0.8674
12	18	1.0000	0.6667	0.8000	0.8674
12	19	1.0000	1.0000	1.0000	0.8674
12	20	0.0000	0.0000	0.0000	0.8674
12	21	1.0000	1.0000	1.0000	0.8674
12	22	25.0000	25.0000	25.0000	0.8674
12	23	25.0000	25.0000	25.0000	0.8674
12	24	25.0000	25.0000	25.0000	0.8674

Confusion Matrix for Seed 12:
[[ 70,   3,   5,   2,   0,   0,   0,   0,   0,   0,   0,   0,   0,   0,
    0,   0,   0,   0,   0,   0,   0,   0],
 [  5, 109,   0,   1,  11,   0,   0,   4,   0,   1,   0,   0,   0,   0,
    0,   0,   0,   0,   0,   0,   0,   0],
 [  0,   2,  47,   0,   5,   0,   0,   1,   0,   1,   0,   0,   0,   0,
    0,   1,   0,   0,   0,   0,   0,   0],
 [  3,   2,   0,  52,   0,   0,   0,   2,   1,   0,   0,   0,   0,   0,
    0,   0,   0,   0,   0,   0,   0,   0],
 [  0,   7,   0,   3, 180,   0,   0,   0,   2,   0,   0,   1,   0,   0,
    0,   0,   0,   0,   0,   0,   0,   0],
 [  0,   0,   0,   0,   0,  15,   0,   0,   0,   0,   0,   0,   2,   0,
    0,   0,   0,   0,   0,   0,   0,   0],
 [  0,   0,   0,   0,   0,   0,   1,   0,   0,   0,   0,   0,   0,   0,
    0,   0,   0,   0,   0,   0,   0,   0],
 [  0,   0,   2,   1,   0,   0,   0,  31,   0,   1,   0,   0,   0,   0,
    0,   2,   0,   0,   0,   0,   0,   0],
 [  0,   1,   0,   0,   0,   0,   0,   0,  17,   0,   0,   0,   0,   0,
    0,   0,   0,   0,   0,   0,   0,   0],
 [  0,   0,   0,   1,   0,   0,   0,   0,   0,   5,   0,   0,   1,   0,
    0,   0,   0,   0,   0,   0,   0,   0],
 [  0,   1,   1,   0,   0,   0,   0,   0,   0,   1,  10,   0,   0,   0,
    0,   0,   0,   0,   0,   0,   0,   0],
 [  3,   0,   1,   0,   0,   0,   0,   0,   0,   0,   0,   8,   0,   0,
    0,   0,   0,   0,   0,   0,   0,   0],
 [  0,   0,   0,   0,   0,   1,   0,   0,   0,   0,   0,   0,   4,   0,
    0,   0,   0,   0,   0,   0,   0,   0],
 [  0,   0,   0,   0,   0,   0,   0,   0,   0,   0,   0,   0,   0,   1,
    0,   0,   0,   0,   0,   0,   0,   0],
 [  0,   0,   0,   0,   0,   0,   0,   0,   0,   0,   0,   0,   0,   0,
    1,   0,   0,   0,   0,   0,   0,   0],
 [  1,   0,   2,   0,   0,   0,   0,   0,   0,   0,   0,   0,   0,   0,
    0,  16,   0,   0,   0,   0,   0,   0],
 [  0,   0,   0,   1,   1,   0,   0,   0,   0,   0,   0,   0,   0,   0,
    0,   0,   8,   0,   0,   0,   0,   0],
 [  0,   0,   0,   0,   0,   0,   0,   0,   0,   0,   0,   0,   0,   0,
    0,   0,   0,   1,   0,   0,   0,   0],
 [  0,   0,   1,   0,   0,   0,   0,   0,   0,   0,   0,   0,   0,   0,
    0,   0,   0,   0,   2,   0,   0,   0],
 [  0,   0,   0,   0,   0,   0,   0,   0,   0,   0,   0,   0,   0,   0,
    0,   0,   0,   0,   0,   3,   0,   0],
 [  0,   0,   0,   0,   0,   0,   0,   0,   0,   1,   0,   0,   0,   0,
    0,   0,   0,   0,   0,   0,   0,   0],
 [  0,   0,   0,   0,   0,   0,   0,   0,   0,   0,   0,   0,   0,   0,
    0,   0,   0,   0,   0,   0,   0,   1]]
14	0	0.9211	0.8750	0.8974	0.8748
14	1	0.8790	0.8321	0.8549	0.8748
14	2	0.7536	0.9123	0.8254	0.8748
14	3	0.8852	0.9000	0.8926	0.8748
14	4	0.9192	0.9430	0.9309	0.8748
14	5	0.9333	0.8235	0.8750	0.8748
14	6	0.3333	1.0000	0.5000	0.8748
14	7	0.9143	0.8649	0.8889	0.8748
14	8	1.0000	0.8333	0.9091	0.8748
14	9	0.5556	0.7143	0.6250	0.8748
14	10	0.9286	1.0000	0.9630	0.8748
14	11	0.8462	0.9167	0.8800	0.8748
14	12	0.5714	0.8000	0.6667	0.8748
14	13	0.5000	1.0000	0.6667	0.8748
14	14	0.0000	0.0000	0.0000	0.8748
14	15	0.8462	0.5789	0.6875	0.8748
14	16	0.8889	0.8000	0.8421	0.8748
14	17	0.2500	1.0000	0.4000	0.8748
14	18	1.0000	0.6667	0.8000	0.8748
14	19	1.0000	0.6667	0.8000	0.8748
14	20	0.0000	0.0000	0.0000	0.8748
14	21	0.0000	0.0000	0.0000	0.8748
14	22	25.0000	25.0000	25.0000	0.8748
14	23	25.0000	25.0000	25.0000	0.8748
14	24	25.0000	25.0000	25.0000	0.8748

Confusion Matrix for Seed 14:
[[ 70,   2,   4,   0,   0,   0,   2,   0,   0,   0,   0,   2,   0,   0,
    0,   0,   0,   0,   0,   0,   0,   0],
 [  3, 109,   4,   4,   8,   0,   0,   2,   0,   0,   0,   0,   0,   0,
    0,   1,   0,   0,   0,   0,   0,   0],
 [  0,   0,  52,   0,   3,   0,   0,   0,   0,   0,   0,   0,   0,   0,
    0,   1,   0,   1,   0,   0,   0,   0],
 [  1,   2,   0,  54,   1,   0,   0,   0,   0,   0,   0,   0,   0,   1,
    0,   0,   1,   0,   0,   0,   0,   0],
 [  0,   5,   3,   1, 182,   0,   0,   0,   0,   2,   0,   0,   0,   0,
    0,   0,   0,   0,   0,   0,   0,   0],
 [  0,   0,   0,   0,   0,  14,   0,   0,   0,   0,   0,   0,   3,   0,
    0,   0,   0,   0,   0,   0,   0,   0],
 [  0,   0,   0,   0,   0,   0,   1,   0,   0,   0,   0,   0,   0,   0,
    0,   0,   0,   0,   0,   0,   0,   0],
 [  0,   0,   2,   1,   1,   0,   0,  32,   0,   1,   0,   0,   0,   0,
    0,   0,   0,   0,   0,   0,   0,   0],
 [  0,   2,   0,   0,   1,   0,   0,   0,  15,   0,   0,   0,   0,   0,
    0,   0,   0,   0,   0,   0,   0,   0],
 [  0,   1,   0,   0,   0,   0,   0,   0,   0,   5,   1,   0,   0,   0,
    0,   0,   0,   0,   0,   0,   0,   0],
 [  0,   0,   0,   0,   0,   0,   0,   0,   0,   0,  13,   0,   0,   0,
    0,   0,   0,   0,   0,   0,   0,   0],
 [  1,   0,   0,   0,   0,   0,   0,   0,   0,   0,   0,  11,   0,   0,
    0,   0,   0,   0,   0,   0,   0,   0],
 [  0,   0,   1,   0,   0,   0,   0,   0,   0,   0,   0,   0,   4,   0,
    0,   0,   0,   0,   0,   0,   0,   0],
 [  0,   0,   0,   0,   0,   0,   0,   0,   0,   0,   0,   0,   0,   1,
    0,   0,   0,   0,   0,   0,   0,   0],
 [  0,   1,   0,   0,   0,   0,   0,   0,   0,   0,   0,   0,   0,   0,
    0,   0,   0,   0,   0,   0,   0,   0],
 [  1,   1,   2,   0,   2,   1,   0,   1,   0,   0,   0,   0,   0,   0,
    0,  11,   0,   0,   0,   0,   0,   0],
 [  0,   0,   0,   0,   0,   0,   0,   0,   0,   0,   0,   0,   0,   0,
    0,   0,   8,   2,   0,   0,   0,   0],
 [  0,   0,   0,   0,   0,   0,   0,   0,   0,   0,   0,   0,   0,   0,
    0,   0,   0,   1,   0,   0,   0,   0],
 [  0,   0,   1,   0,   0,   0,   0,   0,   0,   0,   0,   0,   0,   0,
    0,   0,   0,   0,   2,   0,   0,   0],
 [  0,   0,   0,   0,   0,   0,   0,   0,   0,   1,   0,   0,   0,   0,
    0,   0,   0,   0,   0,   2,   0,   0],
 [  0,   1,   0,   0,   0,   0,   0,   0,   0,   0,   0,   0,   0,   0,
    0,   0,   0,   0,   0,   0,   0,   0],
 [  0,   0,   0,   1,   0,   0,   0,   0,   0,   0,   0,   0,   0,   0,
    0,   0,   0,   0,   0,   0,   0,   0]]
16	0	0.9054	0.8375	0.8701	0.8599
16	1	0.8306	0.7863	0.8078	0.8599
16	2	0.7761	0.9123	0.8387	0.8599
16	3	0.8704	0.7833	0.8246	0.8599
16	4	0.9424	0.9326	0.9375	0.8599
16	5	0.8889	0.9412	0.9143	0.8599
16	6	0.5000	1.0000	0.6667	0.8599
16	7	0.7907	0.9189	0.8500	0.8599
16	8	0.9000	1.0000	0.9474	0.8599
16	9	0.6250	0.7143	0.6667	0.8599
16	10	0.8462	0.8462	0.8462	0.8599
16	11	0.9091	0.8333	0.8696	0.8599
16	12	0.7500	0.6000	0.6667	0.8599
16	13	0.0000	0.0000	0.0000	0.8599
16	14	0.0000	0.0000	0.0000	0.8599
16	15	0.7273	0.8421	0.7805	0.8599
16	16	0.8333	1.0000	0.9091	0.8599
16	17	0.0000	0.0000	0.0000	0.8599
16	18	1.0000	0.3333	0.5000	0.8599
16	19	0.6667	0.6667	0.6667	0.8599
16	20	0.0000	0.0000	0.0000	0.8599
16	21	1.0000	1.0000	1.0000	0.8599
16	22	25.0000	25.0000	25.0000	0.8599
16	23	25.0000	25.0000	25.0000	0.8599
16	24	25.0000	25.0000	25.0000	0.8599

Confusion Matrix for Seed 16:
[[ 67,   2,   4,   1,   1,   0,   1,   0,   0,   0,   1,   1,   0,   0,
    0,   2,   0,   0,   0,   0,   0,   0],
 [  6, 103,   2,   2,   8,   0,   0,   6,   0,   0,   0,   0,   1,   0,
    1,   1,   1,   0,   0,   0,   0,   0],
 [  1,   0,  52,   0,   2,   0,   0,   1,   1,   0,   0,   0,   0,   0,
    0,   0,   0,   0,   0,   0,   0,   0],
 [  0,   7,   2,  47,   0,   0,   0,   1,   0,   0,   0,   0,   0,   0,
    0,   2,   0,   1,   0,   0,   0,   0],
 [  0,   9,   2,   2, 180,   0,   0,   0,   0,   0,   0,   0,   0,   0,
    0,   0,   0,   0,   0,   0,   0,   0],
 [  0,   0,   0,   0,   0,  16,   0,   0,   0,   0,   0,   0,   0,   0,
    0,   0,   0,   0,   0,   1,   0,   0],
 [  0,   0,   0,   0,   0,   0,   1,   0,   0,   0,   0,   0,   0,   0,
    0,   0,   0,   0,   0,   0,   0,   0],
 [  0,   1,   1,   0,   0,   0,   0,  34,   0,   0,   0,   0,   0,   0,
    0,   1,   0,   0,   0,   0,   0,   0],
 [  0,   0,   0,   0,   0,   0,   0,   0,  18,   0,   0,   0,   0,   0,
    0,   0,   0,   0,   0,   0,   0,   0],
 [  0,   0,   1,   0,   0,   0,   0,   0,   0,   5,   1,   0,   0,   0,
    0,   0,   0,   0,   0,   0,   0,   0],
 [  0,   1,   1,   0,   0,   0,   0,   0,   0,   0,  11,   0,   0,   0,
    0,   0,   0,   0,   0,   0,   0,   0],
 [  0,   0,   0,   1,   0,   0,   0,   0,   0,   0,   0,  10,   0,   0,
    1,   0,   0,   0,   0,   0,   0,   0],
 [  0,   0,   0,   0,   0,   2,   0,   0,   0,   0,   0,   0,   3,   0,
    0,   0,   0,   0,   0,   0,   0,   0],
 [  0,   0,   0,   0,   0,   0,   0,   0,   0,   1,   0,   0,   0,   0,
    0,   0,   0,   0,   0,   0,   0,   0],
 [  0,   0,   0,   1,   0,   0,   0,   0,   0,   0,   0,   0,   0,   0,
    0,   0,   0,   0,   0,   0,   0,   0],
 [  0,   0,   1,   0,   0,   0,   0,   1,   1,   0,   0,   0,   0,   0,
    0,  16,   0,   0,   0,   0,   0,   0],
 [  0,   0,   0,   0,   0,   0,   0,   0,   0,   0,   0,   0,   0,   0,
    0,   0,  10,   0,   0,   0,   0,   0],
 [  0,   0,   0,   0,   0,   0,   0,   0,   0,   1,   0,   0,   0,   0,
    0,   0,   0,   0,   0,   0,   0,   0],
 [  0,   1,   1,   0,   0,   0,   0,   0,   0,   0,   0,   0,   0,   0,
    0,   0,   0,   0,   1,   0,   0,   0],
 [  0,   0,   0,   0,   0,   0,   0,   0,   0,   0,   0,   0,   0,   0,
    0,   0,   1,   0,   0,   2,   0,   0],
 [  0,   0,   0,   0,   0,   0,   0,   0,   0,   1,   0,   0,   0,   0,
    0,   0,   0,   0,   0,   0,   0,   0],
 [  0,   0,   0,   0,   0,   0,   0,   0,   0,   0,   0,   0,   0,   0,
    0,   0,   0,   0,   0,   0,   0,   1]]
18	0	0.8846	0.8625	0.8734	0.8733
18	1	0.8750	0.8550	0.8649	0.8733
18	2	0.7286	0.8947	0.8031	0.8733
18	3	0.9259	0.8333	0.8772	0.8733
18	4	0.9082	0.9223	0.9152	0.8733
18	5	0.9375	0.8824	0.9091	0.8733
18	6	0.5000	1.0000	0.6667	0.8733
18	7	0.9250	1.0000	0.9610	0.8733
18	8	0.9444	0.9444	0.9444	0.8733
18	9	0.5714	0.5714	0.5714	0.8733
18	10	1.0000	0.8462	0.9167	0.8733
18	11	0.9167	0.9167	0.9167	0.8733
18	12	0.8000	0.8000	0.8000	0.8733
18	13	0.0000	0.0000	0.0000	0.8733
18	14	0.3333	1.0000	0.5000	0.8733
18	15	0.6842	0.6842	0.6842	0.8733
18	16	1.0000	0.8000	0.8889	0.8733
18	17	0.0000	0.0000	0.0000	0.8733
18	18	1.0000	0.6667	0.8000	0.8733
18	19	1.0000	0.6667	0.8000	0.8733
18	20	0.0000	0.0000	0.0000	0.8733
18	21	0.0000	0.0000	0.0000	0.8733
18	22	25.0000	25.0000	25.0000	0.8733
18	23	25.0000	25.0000	25.0000	0.8733
18	24	25.0000	25.0000	25.0000	0.8733

Confusion Matrix for Seed 18:
[[ 69,   4,   4,   1,   0,   0,   0,   0,   1,   1,   0,   0,   0,   0,
    0,   0,   0,   0,   0,   0,   0,   0],
 [  3, 112,   5,   1,   6,   0,   0,   1,   0,   0,   0,   0,   0,   0,
    2,   1,   0,   0,   0,   0,   0,   0],
 [  0,   1,  51,   0,   4,   0,   0,   0,   0,   0,   0,   0,   0,   0,
    0,   1,   0,   0,   0,   0,   0,   0],
 [  2,   3,   1,  50,   3,   0,   0,   0,   0,   0,   0,   0,   1,   0,
    0,   0,   0,   0,   0,   0,   0,   0],
 [  1,   6,   5,   1, 178,   0,   0,   0,   0,   0,   0,   0,   0,   0,
    0,   2,   0,   0,   0,   0,   0,   0],
 [  0,   0,   0,   1,   0,  15,   0,   0,   0,   0,   0,   1,   0,   0,
    0,   0,   0,   0,   0,   0,   0,   0],
 [  0,   0,   0,   0,   0,   0,   1,   0,   0,   0,   0,   0,   0,   0,
    0,   0,   0,   0,   0,   0,   0,   0],
 [  0,   0,   0,   0,   0,   0,   0,  37,   0,   0,   0,   0,   0,   0,
    0,   0,   0,   0,   0,   0,   0,   0],
 [  0,   0,   0,   0,   0,   0,   0,   0,  17,   0,   0,   0,   0,   0,
    0,   1,   0,   0,   0,   0,   0,   0],
 [  0,   1,   0,   0,   2,   0,   0,   0,   0,   4,   0,   0,   0,   0,
    0,   0,   0,   0,   0,   0,   0,   0],
 [  1,   0,   0,   0,   0,   0,   0,   0,   0,   0,  11,   0,   0,   0,
    0,   1,   0,   0,   0,   0,   0,   0],
 [  1,   0,   0,   0,   0,   0,   0,   0,   0,   0,   0,  11,   0,   0,
    0,   0,   0,   0,   0,   0,   0,   0],
 [  0,   0,   1,   0,   0,   0,   0,   0,   0,   0,   0,   0,   4,   0,
    0,   0,   0,   0,   0,   0,   0,   0],
 [  0,   0,   1,   0,   0,   0,   0,   0,   0,   0,   0,   0,   0,   0,
    0,   0,   0,   0,   0,   0,   0,   0],
 [  0,   0,   0,   0,   0,   0,   0,   0,   0,   0,   0,   0,   0,   0,
    1,   0,   0,   0,   0,   0,   0,   0],
 [  1,   0,   1,   0,   2,   1,   0,   1,   0,   0,   0,   0,   0,   0,
    0,  13,   0,   0,   0,   0,   0,   0],
 [  0,   0,   0,   0,   1,   0,   1,   0,   0,   0,   0,   0,   0,   0,
    0,   0,   8,   0,   0,   0,   0,   0],
 [  0,   0,   0,   0,   0,   0,   0,   1,   0,   0,   0,   0,   0,   0,
    0,   0,   0,   0,   0,   0,   0,   0],
 [  0,   0,   1,   0,   0,   0,   0,   0,   0,   0,   0,   0,   0,   0,
    0,   0,   0,   0,   2,   0,   0,   0],
 [  0,   0,   0,   0,   0,   0,   0,   0,   0,   1,   0,   0,   0,   0,
    0,   0,   0,   0,   0,   2,   0,   0],
 [  0,   0,   0,   0,   0,   0,   0,   0,   0,   1,   0,   0,   0,   0,
    0,   0,   0,   0,   0,   0,   0,   0],
 [  0,   1,   0,   0,   0,   0,   0,   0,   0,   0,   0,   0,   0,   0,
    0,   0,   0,   0,   0,   0,   0,   0]]
20	0	0.9375	0.9375	0.9375	0.8793
20	1	0.9153	0.8244	0.8675	0.8793
20	2	0.7937	0.8772	0.8333	0.8793
20	3	0.8833	0.8833	0.8833	0.8793
20	4	0.9196	0.9482	0.9337	0.8793
20	5	0.8750	0.8235	0.8485	0.8793
20	6	0.2500	1.0000	0.4000	0.8793
20	7	0.7949	0.8378	0.8158	0.8793
20	8	0.9375	0.8333	0.8824	0.8793
20	9	0.5000	0.7143	0.5882	0.8793
20	10	0.9167	0.8462	0.8800	0.8793
20	11	1.0000	0.9167	0.9565	0.8793
20	12	0.3333	0.4000	0.3636	0.8793
20	13	1.0000	1.0000	1.0000	0.8793
20	14	0.0000	0.0000	0.0000	0.8793
20	15	0.7222	0.6842	0.7027	0.8793
20	16	1.0000	0.9000	0.9474	0.8793
20	17	0.5000	1.0000	0.6667	0.8793
20	18	1.0000	1.0000	1.0000	0.8793
20	19	1.0000	1.0000	1.0000	0.8793
20	20	0.0000	0.0000	0.0000	0.8793
20	21	1.0000	1.0000	1.0000	0.8793
20	22	25.0000	25.0000	25.0000	0.8793
20	23	25.0000	25.0000	25.0000	0.8793
20	24	25.0000	25.0000	25.0000	0.8793

Confusion Matrix for Seed 20:
[[ 75,   2,   2,   0,   0,   0,   0,   0,   0,   0,   0,   0,   0,   0,
    0,   1,   0,   0,   0,   0,   0,   0],
 [  3, 108,   2,   1,  11,   0,   2,   3,   0,   0,   0,   0,   1,   0,
    0,   0,   0,   0,   0,   0,   0,   0],
 [  0,   1,  50,   0,   3,   0,   0,   1,   0,   2,   0,   0,   0,   0,
    0,   0,   0,   0,   0,   0,   0,   0],
 [  1,   2,   0,  53,   0,   0,   1,   1,   0,   0,   1,   0,   1,   0,
    0,   0,   0,   0,   0,   0,   0,   0],
 [  0,   3,   3,   1, 183,   0,   0,   1,   0,   1,   0,   0,   0,   0,
    0,   0,   0,   1,   0,   0,   0,   0],
 [  0,   0,   0,   1,   0,  14,   0,   0,   0,   0,   0,   0,   1,   0,
    0,   1,   0,   0,   0,   0,   0,   0],
 [  0,   0,   0,   0,   0,   0,   1,   0,   0,   0,   0,   0,   0,   0,
    0,   0,   0,   0,   0,   0,   0,   0],
 [  0,   0,   0,   3,   0,   0,   0,  31,   0,   1,   0,   0,   0,   0,
    0,   2,   0,   0,   0,   0,   0,   0],
 [  0,   1,   1,   0,   1,   0,   0,   0,  15,   0,   0,   0,   0,   0,
    0,   0,   0,   0,   0,   0,   0,   0],
 [  0,   0,   1,   0,   0,   0,   0,   1,   0,   5,   0,   0,   0,   0,
    0,   0,   0,   0,   0,   0,   0,   0],
 [  0,   0,   0,   0,   0,   0,   0,   1,   0,   0,  11,   0,   1,   0,
    0,   0,   0,   0,   0,   0,   0,   0],
 [  0,   0,   1,   0,   0,   0,   0,   0,   0,   0,   0,  11,   0,   0,
    0,   0,   0,   0,   0,   0,   0,   0],
 [  0,   0,   1,   0,   0,   1,   0,   0,   0,   0,   0,   0,   2,   0,
    0,   1,   0,   0,   0,   0,   0,   0],
 [  0,   0,   0,   0,   0,   0,   0,   0,   0,   0,   0,   0,   0,   1,
    0,   0,   0,   0,   0,   0,   0,   0],
 [  0,   0,   0,   1,   0,   0,   0,   0,   0,   0,   0,   0,   0,   0,
    0,   0,   0,   0,   0,   0,   0,   0],
 [  1,   0,   2,   0,   1,   1,   0,   0,   1,   0,   0,   0,   0,   0,
    0,  13,   0,   0,   0,   0,   0,   0],
 [  0,   1,   0,   0,   0,   0,   0,   0,   0,   0,   0,   0,   0,   0,
    0,   0,   9,   0,   0,   0,   0,   0],
 [  0,   0,   0,   0,   0,   0,   0,   0,   0,   0,   0,   0,   0,   0,
    0,   0,   0,   1,   0,   0,   0,   0],
 [  0,   0,   0,   0,   0,   0,   0,   0,   0,   0,   0,   0,   0,   0,
    0,   0,   0,   0,   3,   0,   0,   0],
 [  0,   0,   0,   0,   0,   0,   0,   0,   0,   0,   0,   0,   0,   0,
    0,   0,   0,   0,   0,   3,   0,   0],
 [  0,   0,   0,   0,   0,   0,   0,   0,   0,   1,   0,   0,   0,   0,
    0,   0,   0,   0,   0,   0,   0,   0],
 [  0,   0,   0,   0,   0,   0,   0,   0,   0,   0,   0,   0,   0,   0,
    0,   0,   0,   0,   0,   0,   0,   1]]
22	0	0.8961	0.8625	0.8790	0.8689
22	1	0.8519	0.8779	0.8647	0.8689
22	2	0.8226	0.8947	0.8571	0.8689
22	3	0.8772	0.8333	0.8547	0.8689
22	4	0.9305	0.9016	0.9158	0.8689
22	5	0.8667	0.7647	0.8125	0.8689
22	6	0.1667	1.0000	0.2857	0.8689
22	7	0.9706	0.8919	0.9296	0.8689
22	8	1.0000	0.9444	0.9714	0.8689
22	9	0.4444	0.5714	0.5000	0.8689
22	10	1.0000	0.9231	0.9600	0.8689
22	11	0.8462	0.9167	0.8800	0.8689
22	12	0.8000	0.8000	0.8000	0.8689
22	13	0.0000	0.0000	0.0000	0.8689
22	14	0.0000	0.0000	0.0000	0.8689
22	15	0.6250	0.7895	0.6977	0.8689
22	16	0.8182	0.9000	0.8571	0.8689
22	17	0.0000	0.0000	0.0000	0.8689
22	18	0.6667	0.6667	0.6667	0.8689
22	19	0.7500	1.0000	0.8571	0.8689
22	20	0.0000	0.0000	0.0000	0.8689
22	21	0.0000	0.0000	0.0000	0.8689
22	22	25.0000	25.0000	25.0000	0.8689
22	23	25.0000	25.0000	25.0000	0.8689
22	24	25.0000	25.0000	25.0000	0.8689

Confusion Matrix for Seed 22:
[[ 69,   3,   4,   1,   0,   0,   2,   0,   0,   1,   0,   0,   0,   0,
    0,   0,   0,   0,   0,   0,   0,   0],
 [  6, 115,   1,   1,   6,   0,   1,   0,   0,   0,   0,   0,   0,   0,
    0,   1,   0,   0,   0,   0,   0,   0],
 [  0,   2,  51,   1,   2,   1,   0,   0,   0,   0,   0,   0,   0,   0,
    0,   0,   0,   0,   0,   0,   0,   0],
 [  2,   5,   0,  50,   0,   0,   1,   0,   0,   0,   0,   0,   0,   0,
    0,   0,   2,   0,   0,   0,   0,   0],
 [  0,   5,   4,   1, 174,   0,   0,   0,   0,   2,   0,   0,   0,   0,
    0,   7,   0,   0,   0,   0,   0,   0],
 [  0,   0,   0,   1,   0,  13,   1,   0,   0,   0,   0,   1,   0,   0,
    0,   0,   0,   0,   0,   1,   0,   0],
 [  0,   0,   0,   0,   0,   0,   1,   0,   0,   0,   0,   0,   0,   0,
    0,   0,   0,   0,   0,   0,   0,   0],
 [  0,   1,   1,   0,   0,   0,   0,  33,   0,   0,   0,   1,   0,   0,
    0,   1,   0,   0,   0,   0,   0,   0],
 [  0,   1,   0,   0,   0,   0,   0,   0,  17,   0,   0,   0,   0,   0,
    0,   0,   0,   0,   0,   0,   0,   0],
 [  0,   0,   0,   0,   3,   0,   0,   0,   0,   4,   0,   0,   0,   0,
    0,   0,   0,   0,   0,   0,   0,   0],
 [  0,   0,   0,   0,   0,   0,   0,   0,   0,   0,  12,   0,   0,   0,
    0,   0,   0,   0,   1,   0,   0,   0],
 [  0,   0,   0,   0,   1,   0,   0,   0,   0,   0,   0,  11,   0,   0,
    0,   0,   0,   0,   0,   0,   0,   0],
 [  0,   0,   0,   0,   0,   1,   0,   0,   0,   0,   0,   0,   4,   0,
    0,   0,   0,   0,   0,   0,   0,   0],
 [  0,   0,   0,   0,   0,   0,   0,   0,   0,   1,   0,   0,   0,   0,
    0,   0,   0,   0,   0,   0,   0,   0],
 [  0,   0,   0,   1,   0,   0,   0,   0,   0,   0,   0,   0,   0,   0,
    0,   0,   0,   0,   0,   0,   0,   0],
 [  0,   3,   0,   0,   0,   0,   0,   1,   0,   0,   0,   0,   0,   0,
    0,  15,   0,   0,   0,   0,   0,   0],
 [  0,   0,   0,   1,   0,   0,   0,   0,   0,   0,   0,   0,   0,   0,
    0,   0,   9,   0,   0,   0,   0,   0],
 [  0,   0,   0,   0,   1,   0,   0,   0,   0,   0,   0,   0,   0,   0,
    0,   0,   0,   0,   0,   0,   0,   0],
 [  0,   0,   1,   0,   0,   0,   0,   0,   0,   0,   0,   0,   0,   0,
    0,   0,   0,   0,   2,   0,   0,   0],
 [  0,   0,   0,   0,   0,   0,   0,   0,   0,   0,   0,   0,   0,   0,
    0,   0,   0,   0,   0,   3,   0,   0],
 [  0,   0,   0,   0,   0,   0,   0,   0,   0,   1,   0,   0,   0,   0,
    0,   0,   0,   0,   0,   0,   0,   0],
 [  0,   0,   0,   0,   0,   0,   0,   0,   0,   0,   0,   0,   1,   0,
    0,   0,   0,   0,   0,   0,   0,   0]]
24	0	0.8333	0.8750	0.8537	0.8599
24	1	0.8203	0.8015	0.8108	0.8599
24	2	0.8413	0.9298	0.8833	0.8599
24	3	0.9273	0.8500	0.8870	0.8599
24	4	0.9511	0.9067	0.9284	0.8599
24	5	0.8421	0.9412	0.8889	0.8599
24	6	0.0000	0.0000	0.0000	0.8599
24	7	0.7895	0.8108	0.8000	0.8599
24	8	1.0000	1.0000	1.0000	0.8599
24	9	0.4545	0.7143	0.5556	0.8599
24	10	1.0000	0.8462	0.9167	0.8599
24	11	0.6364	0.5833	0.6087	0.8599
24	12	0.5000	0.8000	0.6154	0.8599
24	13	0.0000	0.0000	0.0000	0.8599
24	14	1.0000	1.0000	1.0000	0.8599
24	15	0.8889	0.8421	0.8649	0.8599
24	16	0.9091	1.0000	0.9524	0.8599
24	17	0.0000	0.0000	0.0000	0.8599
24	18	0.3333	0.6667	0.4444	0.8599
24	19	1.0000	1.0000	1.0000	0.8599
24	20	0.0000	0.0000	0.0000	0.8599
24	21	0.0000	0.0000	0.0000	0.8599
24	22	25.0000	25.0000	25.0000	0.8599
24	23	25.0000	25.0000	25.0000	0.8599
24	24	25.0000	25.0000	25.0000	0.8599

Confusion Matrix for Seed 24:
[[ 70,   4,   1,   0,   1,   0,   2,   0,   0,   0,   0,   0,   0,   0,
    0,   0,   1,   0,   1,   0,   0,   0],
 [  5, 105,   4,   2,   6,   1,   0,   5,   0,   1,   0,   0,   1,   0,
    0,   1,   0,   0,   0,   0,   0,   0],
 [  1,   2,  53,   0,   0,   0,   0,   1,   0,   0,   0,   0,   0,   0,
    0,   0,   0,   0,   0,   0,   0,   0],
 [  3,   2,   0,  51,   0,   0,   0,   0,   0,   1,   0,   1,   0,   0,
    0,   0,   0,   0,   2,   0,   0,   0],
 [  1,  11,   1,   1, 175,   0,   0,   0,   0,   1,   0,   2,   0,   0,
    0,   1,   0,   0,   0,   0,   0,   0],
 [  0,   0,   0,   0,   0,  16,   0,   0,   0,   0,   0,   1,   0,   0,
    0,   0,   0,   0,   0,   0,   0,   0],
 [  0,   0,   0,   0,   0,   1,   0,   0,   0,   0,   0,   0,   0,   0,
    0,   0,   0,   0,   0,   0,   0,   0],
 [  1,   0,   2,   0,   1,   0,   0,  30,   0,   2,   0,   0,   0,   0,
    0,   0,   0,   0,   1,   0,   0,   0],
 [  0,   0,   0,   0,   0,   0,   0,   0,  18,   0,   0,   0,   0,   0,
    0,   0,   0,   0,   0,   0,   0,   0],
 [  0,   0,   0,   0,   0,   0,   0,   0,   0,   5,   0,   0,   2,   0,
    0,   0,   0,   0,   0,   0,   0,   0],
 [  0,   2,   0,   0,   0,   0,   0,   0,   0,   0,  11,   0,   0,   0,
    0,   0,   0,   0,   0,   0,   0,   0],
 [  2,   1,   0,   1,   1,   0,   0,   0,   0,   0,   0,   7,   0,   0,
    0,   0,   0,   0,   0,   0,   0,   0],
 [  0,   0,   0,   0,   0,   1,   0,   0,   0,   0,   0,   0,   4,   0,
    0,   0,   0,   0,   0,   0,   0,   0],
 [  0,   0,   1,   0,   0,   0,   0,   0,   0,   0,   0,   0,   0,   0,
    0,   0,   0,   0,   0,   0,   0,   0],
 [  0,   0,   0,   0,   0,   0,   0,   0,   0,   0,   0,   0,   0,   0,
    1,   0,   0,   0,   0,   0,   0,   0],
 [  0,   0,   1,   0,   0,   0,   0,   2,   0,   0,   0,   0,   0,   0,
    0,  16,   0,   0,   0,   0,   0,   0],
 [  0,   0,   0,   0,   0,   0,   0,   0,   0,   0,   0,   0,   0,   0,
    0,   0,  10,   0,   0,   0,   0,   0],
 [  0,   0,   0,   0,   0,   0,   0,   0,   0,   0,   0,   0,   1,   0,
    0,   0,   0,   0,   0,   0,   0,   0],
 [  0,   1,   0,   0,   0,   0,   0,   0,   0,   0,   0,   0,   0,   0,
    0,   0,   0,   0,   2,   0,   0,   0],
 [  0,   0,   0,   0,   0,   0,   0,   0,   0,   0,   0,   0,   0,   0,
    0,   0,   0,   0,   0,   3,   0,   0],
 [  0,   0,   0,   0,   0,   0,   0,   0,   0,   1,   0,   0,   0,   0,
    0,   0,   0,   0,   0,   0,   0,   0],
 [  1,   0,   0,   0,   0,   0,   0,   0,   0,   0,   0,   0,   0,   0,
    0,   0,   0,   0,   0,   0,   0,   0]]
26	0	0.9351	0.9000	0.9172	0.8793
26	1	0.9032	0.8550	0.8784	0.8793
26	2	0.8226	0.8947	0.8571	0.8793
26	3	0.8667	0.8667	0.8667	0.8793
26	4	0.9192	0.9430	0.9309	0.8793
26	5	0.8235	0.8235	0.8235	0.8793
26	6	0.0000	0.0000	0.0000	0.8793
26	7	0.8718	0.9189	0.8947	0.8793
26	8	0.7727	0.9444	0.8500	0.8793
26	9	0.7143	0.7143	0.7143	0.8793
26	10	0.8182	0.6923	0.7500	0.8793
26	11	1.0000	0.8333	0.9091	0.8793
26	12	0.6667	0.8000	0.7273	0.8793
26	13	0.0000	0.0000	0.0000	0.8793
26	14	0.0000	0.0000	0.0000	0.8793
26	15	0.6842	0.6842	0.6842	0.8793
26	16	0.9000	0.9000	0.9000	0.8793
26	17	0.0000	0.0000	0.0000	0.8793
26	18	1.0000	0.6667	0.8000	0.8793
26	19	1.0000	1.0000	1.0000	0.8793
26	20	0.0000	0.0000	0.0000	0.8793
26	21	1.0000	1.0000	1.0000	0.8793
26	22	25.0000	25.0000	25.0000	0.8793
26	23	25.0000	25.0000	25.0000	0.8793
26	24	25.0000	25.0000	25.0000	0.8793

Confusion Matrix for Seed 26:
[[ 72,   5,   1,   0,   0,   0,   2,   0,   0,   0,   0,   0,   0,   0,
    0,   0,   0,   0,   0,   0,   0,   0],
 [  2, 112,   2,   4,   9,   1,   0,   0,   0,   0,   0,   0,   0,   0,
    0,   1,   0,   0,   0,   0,   0,   0],
 [  0,   1,  51,   0,   2,   0,   1,   1,   0,   0,   1,   0,   0,   0,
    0,   0,   0,   0,   0,   0,   0,   0],
 [  0,   1,   1,  52,   1,   0,   0,   1,   2,   0,   0,   0,   0,   0,
    0,   2,   0,   0,   0,   0,   0,   0],
 [  0,   5,   2,   1, 182,   0,   0,   0,   2,   0,   1,   0,   0,   0,
    0,   0,   0,   0,   0,   0,   0,   0],
 [  0,   0,   0,   0,   0,  14,   0,   0,   0,   0,   0,   0,   2,   0,
    0,   1,   0,   0,   0,   0,   0,   0],
 [  0,   0,   0,   0,   0,   1,   0,   0,   0,   0,   0,   0,   0,   0,
    0,   0,   0,   0,   0,   0,   0,   0],
 [  0,   0,   1,   0,   0,   0,   0,  34,   0,   0,   0,   0,   0,   0,
    0,   2,   0,   0,   0,   0,   0,   0],
 [  0,   0,   1,   0,   0,   0,   0,   0,  17,   0,   0,   0,   0,   0,
    0,   0,   0,   0,   0,   0,   0,   0],
 [  0,   0,   0,   1,   1,   0,   0,   0,   0,   5,   0,   0,   0,   0,
    0,   0,   0,   0,   0,   0,   0,   0],
 [  0,   0,   0,   0,   1,   0,   0,   2,   0,   0,   9,   0,   0,   0,
    0,   0,   1,   0,   0,   0,   0,   0],
 [  2,   0,   0,   0,   0,   0,   0,   0,   0,   0,   0,  10,   0,   0,
    0,   0,   0,   0,   0,   0,   0,   0],
 [  0,   0,   0,   0,   0,   1,   0,   0,   0,   0,   0,   0,   4,   0,
    0,   0,   0,   0,   0,   0,   0,   0],
 [  0,   0,   0,   0,   0,   0,   0,   0,   0,   1,   0,   0,   0,   0,
    0,   0,   0,   0,   0,   0,   0,   0],
 [  0,   0,   0,   1,   0,   0,   0,   0,   0,   0,   0,   0,   0,   0,
    0,   0,   0,   0,   0,   0,   0,   0],
 [  1,   0,   3,   0,   1,   0,   0,   1,   0,   0,   0,   0,   0,   0,
    0,  13,   0,   0,   0,   0,   0,   0],
 [  0,   0,   0,   1,   0,   0,   0,   0,   0,   0,   0,   0,   0,   0,
    0,   0,   9,   0,   0,   0,   0,   0],
 [  0,   0,   0,   0,   1,   0,   0,   0,   0,   0,   0,   0,   0,   0,
    0,   0,   0,   0,   0,   0,   0,   0],
 [  0,   0,   0,   0,   0,   0,   0,   0,   1,   0,   0,   0,   0,   0,
    0,   0,   0,   0,   2,   0,   0,   0],
 [  0,   0,   0,   0,   0,   0,   0,   0,   0,   0,   0,   0,   0,   0,
    0,   0,   0,   0,   0,   3,   0,   0],
 [  0,   0,   0,   0,   0,   0,   0,   0,   0,   1,   0,   0,   0,   0,
    0,   0,   0,   0,   0,   0,   0,   0],
 [  0,   0,   0,   0,   0,   0,   0,   0,   0,   0,   0,   0,   0,   0,
    0,   0,   0,   0,   0,   0,   0,   1]]
28	0	0.8630	0.7875	0.8235	0.8689
28	1	0.8702	0.8702	0.8702	0.8689
28	2	0.8167	0.8596	0.8376	0.8689
28	3	0.8413	0.8833	0.8618	0.8689
28	4	0.9427	0.9378	0.9403	0.8689
28	5	0.8750	0.8235	0.8485	0.8689
28	6	0.3333	1.0000	0.5000	0.8689
28	7	0.8718	0.9189	0.8947	0.8689
28	8	0.9412	0.8889	0.9143	0.8689
28	9	0.5000	0.7143	0.5882	0.8689
28	10	1.0000	0.7692	0.8696	0.8689
28	11	0.7143	0.8333	0.7692	0.8689
28	12	0.6667	0.8000	0.7273	0.8689
28	13	0.0000	0.0000	0.0000	0.8689
28	14	1.0000	1.0000	1.0000	0.8689
28	15	0.7000	0.7368	0.7179	0.8689
28	16	0.8750	0.7000	0.7778	0.8689
28	17	0.5000	1.0000	0.6667	0.8689
28	18	1.0000	0.6667	0.8000	0.8689
28	19	1.0000	1.0000	1.0000	0.8689
28	20	0.0000	0.0000	0.0000	0.8689
28	21	1.0000	1.0000	1.0000	0.8689
28	22	25.0000	25.0000	25.0000	0.8689
28	23	25.0000	25.0000	25.0000	0.8689
28	24	25.0000	25.0000	25.0000	0.8689

Confusion Matrix for Seed 28:
[[ 63,   8,   2,   1,   1,   0,   2,   1,   0,   0,   0,   1,   0,   0,
    0,   1,   0,   0,   0,   0,   0,   0],
 [  3, 114,   4,   5,   2,   0,   0,   0,   0,   0,   0,   1,   0,   0,
    0,   2,   0,   0,   0,   0,   0,   0],
 [  1,   0,  49,   1,   5,   0,   0,   0,   0,   1,   0,   0,   0,   0,
    0,   0,   0,   0,   0,   0,   0,   0],
 [  1,   1,   0,  53,   0,   0,   0,   2,   0,   0,   0,   1,   1,   0,
    0,   0,   1,   0,   0,   0,   0,   0],
 [  0,   6,   1,   0, 181,   1,   0,   0,   1,   2,   0,   0,   0,   0,
    0,   1,   0,   0,   0,   0,   0,   0],
 [  0,   0,   0,   0,   0,  14,   0,   0,   0,   0,   0,   1,   1,   0,
    0,   1,   0,   0,   0,   0,   0,   0],
 [  0,   0,   0,   0,   0,   0,   1,   0,   0,   0,   0,   0,   0,   0,
    0,   0,   0,   0,   0,   0,   0,   0],
 [  0,   0,   1,   1,   0,   0,   0,  34,   0,   0,   0,   0,   0,   0,
    0,   1,   0,   0,   0,   0,   0,   0],
 [  2,   0,   0,   0,   0,   0,   0,   0,  16,   0,   0,   0,   0,   0,
    0,   0,   0,   0,   0,   0,   0,   0],
 [  0,   0,   1,   0,   1,   0,   0,   0,   0,   5,   0,   0,   0,   0,
    0,   0,   0,   0,   0,   0,   0,   0],
 [  1,   0,   0,   1,   0,   0,   0,   1,   0,   0,  10,   0,   0,   0,
    0,   0,   0,   0,   0,   0,   0,   0],
 [  1,   1,   0,   0,   0,   0,   0,   0,   0,   0,   0,  10,   0,   0,
    0,   0,   0,   0,   0,   0,   0,   0],
 [  0,   0,   0,   0,   0,   1,   0,   0,   0,   0,   0,   0,   4,   0,
    0,   0,   0,   0,   0,   0,   0,   0],
 [  0,   0,   0,   0,   0,   0,   0,   0,   0,   1,   0,   0,   0,   0,
    0,   0,   0,   0,   0,   0,   0,   0],
 [  0,   0,   0,   0,   0,   0,   0,   0,   0,   0,   0,   0,   0,   0,
    1,   0,   0,   0,   0,   0,   0,   0],
 [  1,   0,   1,   0,   2,   0,   0,   1,   0,   0,   0,   0,   0,   0,
    0,  14,   0,   0,   0,   0,   0,   0],
 [  0,   1,   0,   1,   0,   0,   0,   0,   0,   0,   0,   0,   0,   0,
    0,   0,   7,   1,   0,   0,   0,   0],
 [  0,   0,   0,   0,   0,   0,   0,   0,   0,   0,   0,   0,   0,   0,
    0,   0,   0,   1,   0,   0,   0,   0],
 [  0,   0,   1,   0,   0,   0,   0,   0,   0,   0,   0,   0,   0,   0,
    0,   0,   0,   0,   2,   0,   0,   0],
 [  0,   0,   0,   0,   0,   0,   0,   0,   0,   0,   0,   0,   0,   0,
    0,   0,   0,   0,   0,   3,   0,   0],
 [  0,   0,   0,   0,   0,   0,   0,   0,   0,   1,   0,   0,   0,   0,
    0,   0,   0,   0,   0,   0,   0,   0],
 [  0,   0,   0,   0,   0,   0,   0,   0,   0,   0,   0,   0,   0,   0,
    0,   0,   0,   0,   0,   0,   0,   1]]
30	0	0.9351	0.9000	0.9172	0.8703
30	1	0.8244	0.8244	0.8244	0.8703
30	2	0.7692	0.8772	0.8197	0.8703
30	3	0.9107	0.8500	0.8793	0.8703
30	4	0.8911	0.9326	0.9114	0.8703
30	5	1.0000	0.9412	0.9697	0.8703
30	6	0.3333	1.0000	0.5000	0.8703
30	7	0.9143	0.8649	0.8889	0.8703
30	8	0.9444	0.9444	0.9444	0.8703
30	9	0.5000	0.4286	0.4615	0.8703
30	10	1.0000	0.9231	0.9600	0.8703
30	11	0.9167	0.9167	0.9167	0.8703
30	12	1.0000	0.6000	0.7500	0.8703
30	13	0.0000	0.0000	0.0000	0.8703
30	14	0.0000	0.0000	0.0000	0.8703
30	15	0.7059	0.6316	0.6667	0.8703
30	16	1.0000	0.9000	0.9474	0.8703
30	17	0.5000	1.0000	0.6667	0.8703
30	18	1.0000	0.6667	0.8000	0.8703
30	19	1.0000	1.0000	1.0000	0.8703
30	20	0.0000	0.0000	0.0000	0.8703
30	21	1.0000	1.0000	1.0000	0.8703
30	22	25.0000	25.0000	25.0000	0.8703
30	23	25.0000	25.0000	25.0000	0.8703
30	24	25.0000	25.0000	25.0000	0.8703

Confusion Matrix for Seed 30:
[[ 72,   3,   3,   0,   1,   0,   1,   0,   0,   0,   0,   0,   0,   0,
    0,   0,   0,   0,   0,   0,   0,   0],
 [  1, 108,   3,   3,  11,   0,   0,   2,   0,   0,   0,   0,   0,   0,
    0,   3,   0,   0,   0,   0,   0,   0],
 [  3,   0,  50,   0,   3,   0,   1,   0,   0,   0,   0,   0,   0,   0,
    0,   0,   0,   0,   0,   0,   0,   0],
 [  0,   5,   1,  51,   1,   0,   0,   0,   1,   0,   0,   0,   0,   0,
    0,   0,   0,   0,   0,   0,   1,   0],
 [  0,   9,   2,   0, 180,   0,   0,   0,   0,   1,   0,   1,   0,   0,
    0,   0,   0,   0,   0,   0,   0,   0],
 [  0,   0,   1,   0,   0,  16,   0,   0,   0,   0,   0,   0,   0,   0,
    0,   0,   0,   0,   0,   0,   0,   0],
 [  0,   0,   0,   0,   0,   0,   1,   0,   0,   0,   0,   0,   0,   0,
    0,   0,   0,   0,   0,   0,   0,   0],
 [  0,   1,   0,   1,   1,   0,   0,  32,   0,   0,   0,   0,   0,   0,
    0,   2,   0,   0,   0,   0,   0,   0],
 [  0,   1,   0,   0,   0,   0,   0,   0,  17,   0,   0,   0,   0,   0,
    0,   0,   0,   0,   0,   0,   0,   0],
 [  0,   1,   0,   1,   2,   0,   0,   0,   0,   3,   0,   0,   0,   0,
    0,   0,   0,   0,   0,   0,   0,   0],
 [  0,   1,   0,   0,   0,   0,   0,   0,   0,   0,  12,   0,   0,   0,
    0,   0,   0,   0,   0,   0,   0,   0],
 [  1,   0,   0,   0,   0,   0,   0,   0,   0,   0,   0,  11,   0,   0,
    0,   0,   0,   0,   0,   0,   0,   0],
 [  0,   0,   0,   0,   2,   0,   0,   0,   0,   0,   0,   0,   3,   0,
    0,   0,   0,   0,   0,   0,   0,   0],
 [  0,   0,   0,   0,   0,   0,   0,   0,   0,   1,   0,   0,   0,   0,
    0,   0,   0,   0,   0,   0,   0,   0],
 [  0,   1,   0,   0,   0,   0,   0,   0,   0,   0,   0,   0,   0,   0,
    0,   0,   0,   0,   0,   0,   0,   0],
 [  0,   1,   4,   0,   1,   0,   0,   1,   0,   0,   0,   0,   0,   0,
    0,  12,   0,   0,   0,   0,   0,   0],
 [  0,   0,   0,   0,   0,   0,   0,   0,   0,   0,   0,   0,   0,   0,
    0,   0,   9,   1,   0,   0,   0,   0],
 [  0,   0,   0,   0,   0,   0,   0,   0,   0,   0,   0,   0,   0,   0,
    0,   0,   0,   1,   0,   0,   0,   0],
 [  0,   0,   1,   0,   0,   0,   0,   0,   0,   0,   0,   0,   0,   0,
    0,   0,   0,   0,   2,   0,   0,   0],
 [  0,   0,   0,   0,   0,   0,   0,   0,   0,   0,   0,   0,   0,   0,
    0,   0,   0,   0,   0,   3,   0,   0],
 [  0,   0,   0,   0,   0,   0,   0,   0,   0,   1,   0,   0,   0,   0,
    0,   0,   0,   0,   0,   0,   0,   0],
 [  0,   0,   0,   0,   0,   0,   0,   0,   0,   0,   0,   0,   0,   0,
    0,   0,   0,   0,   0,   0,   0,   1]]
32	0	0.9067	0.8500	0.8774	0.8748
32	1	0.8960	0.8550	0.8750	0.8748
32	2	0.7937	0.8772	0.8333	0.8748
32	3	0.8644	0.8500	0.8571	0.8748
32	4	0.9146	0.9430	0.9286	0.8748
32	5	0.9286	0.7647	0.8387	0.8748
32	6	0.5000	1.0000	0.6667	0.8748
32	7	0.9167	0.8919	0.9041	0.8748
32	8	0.8182	1.0000	0.9000	0.8748
32	9	0.4286	0.4286	0.4286	0.8748
32	10	0.8571	0.9231	0.8889	0.8748
32	11	0.8462	0.9167	0.8800	0.8748
32	12	0.5000	0.6000	0.5455	0.8748
32	13	1.0000	1.0000	1.0000	0.8748
32	14	0.0000	0.0000	0.0000	0.8748
32	15	0.8667	0.6842	0.7647	0.8748
32	16	0.7143	1.0000	0.8333	0.8748
32	17	1.0000	1.0000	1.0000	0.8748
32	18	1.0000	0.6667	0.8000	0.8748
32	19	1.0000	0.6667	0.8000	0.8748
32	20	0.0000	0.0000	0.0000	0.8748
32	21	1.0000	1.0000	1.0000	0.8748
32	22	25.0000	25.0000	25.0000	0.8748
32	23	25.0000	25.0000	25.0000	0.8748
32	24	25.0000	25.0000	25.0000	0.8748

Confusion Matrix for Seed 32:
[[ 68,   2,   6,   1,   0,   0,   0,   0,   0,   1,   0,   1,   0,   0,
    0,   1,   0,   0,   0,   0,   0,   0],
 [  4, 112,   1,   2,   7,   0,   1,   1,   1,   0,   0,   1,   0,   0,
    0,   1,   0,   0,   0,   0,   0,   0],
 [  1,   2,  50,   1,   2,   0,   0,   1,   0,   0,   0,   0,   0,   0,
    0,   0,   0,   0,   0,   0,   0,   0],
 [  0,   1,   0,  51,   2,   0,   0,   1,   2,   0,   0,   0,   0,   0,
    0,   0,   3,   0,   0,   0,   0,   0],
 [  0,   4,   5,   1, 182,   0,   0,   0,   1,   0,   0,   0,   0,   0,
    0,   0,   0,   0,   0,   0,   0,   0],
 [  0,   0,   0,   0,   0,  13,   0,   0,   0,   0,   0,   0,   3,   0,
    0,   0,   1,   0,   0,   0,   0,   0],
 [  0,   0,   0,   0,   0,   0,   1,   0,   0,   0,   0,   0,   0,   0,
    0,   0,   0,   0,   0,   0,   0,   0],
 [  0,   0,   0,   1,   0,   0,   0,  33,   0,   1,   2,   0,   0,   0,
    0,   0,   0,   0,   0,   0,   0,   0],
 [  0,   0,   0,   0,   0,   0,   0,   0,  18,   0,   0,   0,   0,   0,
    0,   0,   0,   0,   0,   0,   0,   0],
 [  0,   1,   0,   0,   3,   0,   0,   0,   0,   3,   0,   0,   0,   0,
    0,   0,   0,   0,   0,   0,   0,   0],
 [  0,   1,   0,   0,   0,   0,   0,   0,   0,   0,  12,   0,   0,   0,
    0,   0,   0,   0,   0,   0,   0,   0],
 [  1,   0,   0,   0,   0,   0,   0,   0,   0,   0,   0,  11,   0,   0,
    0,   0,   0,   0,   0,   0,   0,   0],
 [  0,   0,   0,   0,   1,   1,   0,   0,   0,   0,   0,   0,   3,   0,
    0,   0,   0,   0,   0,   0,   0,   0],
 [  0,   0,   0,   0,   0,   0,   0,   0,   0,   0,   0,   0,   0,   1,
    0,   0,   0,   0,   0,   0,   0,   0],
 [  0,   1,   0,   0,   0,   0,   0,   0,   0,   0,   0,   0,   0,   0,
    0,   0,   0,   0,   0,   0,   0,   0],
 [  1,   1,   0,   2,   2,   0,   0,   0,   0,   0,   0,   0,   0,   0,
    0,  13,   0,   0,   0,   0,   0,   0],
 [  0,   0,   0,   0,   0,   0,   0,   0,   0,   0,   0,   0,   0,   0,
    0,   0,  10,   0,   0,   0,   0,   0],
 [  0,   0,   0,   0,   0,   0,   0,   0,   0,   0,   0,   0,   0,   0,
    0,   0,   0,   1,   0,   0,   0,   0],
 [  0,   0,   1,   0,   0,   0,   0,   0,   0,   0,   0,   0,   0,   0,
    0,   0,   0,   0,   2,   0,   0,   0],
 [  0,   0,   0,   0,   0,   0,   0,   0,   0,   1,   0,   0,   0,   0,
    0,   0,   0,   0,   0,   2,   0,   0],
 [  0,   0,   0,   0,   0,   0,   0,   0,   0,   1,   0,   0,   0,   0,
    0,   0,   0,   0,   0,   0,   0,   0],
 [  0,   0,   0,   0,   0,   0,   0,   0,   0,   0,   0,   0,   0,   0,
    0,   0,   0,   0,   0,   0,   0,   1]]
34	0	0.9167	0.8250	0.8684	0.8778
34	1	0.8810	0.8473	0.8638	0.8778
34	2	0.7869	0.8421	0.8136	0.8778
34	3	0.9259	0.8333	0.8772	0.8778
34	4	0.9154	0.9534	0.9340	0.8778
34	5	0.8889	0.9412	0.9143	0.8778
34	6	0.0000	0.0000	0.0000	0.8778
34	7	0.8537	0.9459	0.8974	0.8778
34	8	0.8571	1.0000	0.9231	0.8778
34	9	0.5556	0.7143	0.6250	0.8778
34	10	1.0000	0.9231	0.9600	0.8778
34	11	0.7692	0.8333	0.8000	0.8778
34	12	1.0000	0.4000	0.5714	0.8778
34	13	0.0000	0.0000	0.0000	0.8778
34	14	0.0000	0.0000	0.0000	0.8778
34	15	0.7143	0.7895	0.7500	0.8778
34	16	1.0000	1.0000	1.0000	0.8778
34	17	0.5000	1.0000	0.6667	0.8778
34	18	1.0000	0.6667	0.8000	0.8778
34	19	1.0000	1.0000	1.0000	0.8778
34	20	0.0000	0.0000	0.0000	0.8778
34	21	1.0000	1.0000	1.0000	0.8778
34	22	25.0000	25.0000	25.0000	0.8778
34	23	25.0000	25.0000	25.0000	0.8778
34	24	25.0000	25.0000	25.0000	0.8778

Confusion Matrix for Seed 34:
[[ 66,   5,   6,   0,   0,   0,   1,   0,   0,   0,   0,   1,   0,   0,
    0,   1,   0,   0,   0,   0,   0,   0],
 [  5, 111,   2,   2,   6,   0,   0,   3,   0,   0,   0,   0,   0,   0,
    1,   1,   0,   0,   0,   0,   0,   0],
 [  0,   2,  48,   0,   7,   0,   0,   0,   0,   0,   0,   0,   0,   0,
    0,   0,   0,   0,   0,   0,   0,   0],
 [  1,   5,   0,  50,   1,   0,   0,   2,   0,   0,   0,   1,   0,   0,
    0,   0,   0,   0,   0,   0,   0,   0],
 [  0,   2,   1,   0, 184,   0,   0,   0,   2,   2,   0,   0,   0,   0,
    0,   2,   0,   0,   0,   0,   0,   0],
 [  0,   0,   0,   0,   0,  16,   0,   0,   0,   0,   0,   0,   0,   0,
    0,   1,   0,   0,   0,   0,   0,   0],
 [  0,   0,   0,   0,   0,   1,   0,   0,   0,   0,   0,   0,   0,   0,
    0,   0,   0,   0,   0,   0,   0,   0],
 [  0,   0,   0,   1,   0,   0,   0,  35,   0,   0,   0,   0,   0,   0,
    0,   1,   0,   0,   0,   0,   0,   0],
 [  0,   0,   0,   0,   0,   0,   0,   0,  18,   0,   0,   0,   0,   0,
    0,   0,   0,   0,   0,   0,   0,   0],
 [  0,   0,   1,   0,   1,   0,   0,   0,   0,   5,   0,   0,   0,   0,
    0,   0,   0,   0,   0,   0,   0,   0],
 [  0,   1,   0,   0,   0,   0,   0,   0,   0,   0,  12,   0,   0,   0,
    0,   0,   0,   0,   0,   0,   0,   0],
 [  0,   0,   0,   0,   2,   0,   0,   0,   0,   0,   0,  10,   0,   0,
    0,   0,   0,   0,   0,   0,   0,   0],
 [  0,   0,   0,   1,   0,   1,   0,   0,   0,   1,   0,   0,   2,   0,
    0,   0,   0,   0,   0,   0,   0,   0],
 [  0,   0,   0,   0,   0,   0,   0,   0,   0,   1,   0,   0,   0,   0,
    0,   0,   0,   0,   0,   0,   0,   0],
 [  0,   0,   0,   0,   0,   0,   0,   0,   0,   0,   0,   1,   0,   0,
    0,   0,   0,   0,   0,   0,   0,   0],
 [  0,   0,   2,   0,   0,   0,   0,   1,   1,   0,   0,   0,   0,   0,
    0,  15,   0,   0,   0,   0,   0,   0],
 [  0,   0,   0,   0,   0,   0,   0,   0,   0,   0,   0,   0,   0,   0,
    0,   0,  10,   0,   0,   0,   0,   0],
 [  0,   0,   0,   0,   0,   0,   0,   0,   0,   0,   0,   0,   0,   0,
    0,   0,   0,   1,   0,   0,   0,   0],
 [  0,   0,   1,   0,   0,   0,   0,   0,   0,   0,   0,   0,   0,   0,
    0,   0,   0,   0,   2,   0,   0,   0],
 [  0,   0,   0,   0,   0,   0,   0,   0,   0,   0,   0,   0,   0,   0,
    0,   0,   0,   0,   0,   3,   0,   0],
 [  0,   0,   0,   0,   0,   0,   0,   0,   0,   0,   0,   0,   0,   0,
    0,   0,   0,   1,   0,   0,   0,   0],
 [  0,   0,   0,   0,   0,   0,   0,   0,   0,   0,   0,   0,   0,   0,
    0,   0,   0,   0,   0,   0,   0,   1]]
36	0	0.8732	0.7750	0.8212	0.8525
36	1	0.8473	0.8473	0.8473	0.8525
36	2	0.6974	0.9298	0.7970	0.8525
36	3	0.8644	0.8500	0.8571	0.8525
36	4	0.8995	0.9275	0.9133	0.8525
36	5	0.8750	0.8235	0.8485	0.8525
36	6	0.0000	0.0000	0.0000	0.8525
36	7	0.9167	0.8919	0.9041	0.8525
36	8	0.8095	0.9444	0.8718	0.8525
36	9	1.0000	0.2857	0.4444	0.8525
36	10	1.0000	1.0000	1.0000	0.8525
36	11	1.0000	0.6667	0.8000	0.8525
36	12	0.4286	0.6000	0.5000	0.8525
36	13	0.0000	0.0000	0.0000	0.8525
36	14	0.0000	0.0000	0.0000	0.8525
36	15	0.7778	0.7368	0.7568	0.8525
36	16	1.0000	0.7000	0.8235	0.8525
36	17	0.0000	0.0000	0.0000	0.8525
36	18	1.0000	0.3333	0.5000	0.8525
36	19	1.0000	1.0000	1.0000	0.8525
36	20	0.0000	0.0000	0.0000	0.8525
36	21	1.0000	1.0000	1.0000	0.8525
36	22	25.0000	25.0000	25.0000	0.8525
36	23	25.0000	25.0000	25.0000	0.8525
36	24	25.0000	25.0000	25.0000	0.8525

Confusion Matrix for Seed 36:
[[ 62,   5,   9,   1,   2,   0,   0,   0,   0,   0,   0,   0,   0,   0,
    0,   1,   0,   0,   0,   0,   0,   0],
 [  3, 111,   4,   3,   7,   0,   0,   1,   1,   0,   0,   0,   0,   0,
    0,   1,   0,   0,   0,   0,   0,   0],
 [  1,   0,  53,   0,   2,   0,   0,   0,   0,   0,   0,   0,   0,   0,
    0,   1,   0,   0,   0,   0,   0,   0],
 [  1,   4,   0,  51,   0,   0,   0,   0,   3,   0,   0,   0,   0,   0,
    0,   0,   0,   1,   0,   0,   0,   0],
 [  1,   8,   3,   0, 179,   0,   0,   1,   0,   0,   0,   0,   0,   0,
    0,   1,   0,   0,   0,   0,   0,   0],
 [  0,   0,   0,   0,   0,  14,   0,   0,   0,   0,   0,   0,   3,   0,
    0,   0,   0,   0,   0,   0,   0,   0],
 [  0,   0,   0,   0,   0,   1,   0,   0,   0,   0,   0,   0,   0,   0,
    0,   0,   0,   0,   0,   0,   0,   0],
 [  0,   0,   3,   0,   1,   0,   0,  33,   0,   0,   0,   0,   0,   0,
    0,   0,   0,   0,   0,   0,   0,   0],
 [  0,   0,   0,   0,   1,   0,   0,   0,  17,   0,   0,   0,   0,   0,
    0,   0,   0,   0,   0,   0,   0,   0],
 [  0,   1,   0,   1,   2,   0,   0,   0,   0,   2,   0,   0,   1,   0,
    0,   0,   0,   0,   0,   0,   0,   0],
 [  0,   0,   0,   0,   0,   0,   0,   0,   0,   0,  13,   0,   0,   0,
    0,   0,   0,   0,   0,   0,   0,   0],
 [  2,   0,   1,   0,   1,   0,   0,   0,   0,   0,   0,   8,   0,   0,
    0,   0,   0,   0,   0,   0,   0,   0],
 [  0,   0,   0,   0,   2,   0,   0,   0,   0,   0,   0,   0,   3,   0,
    0,   0,   0,   0,   0,   0,   0,   0],
 [  0,   0,   0,   0,   1,   0,   0,   0,   0,   0,   0,   0,   0,   0,
    0,   0,   0,   0,   0,   0,   0,   0],
 [  0,   0,   0,   1,   0,   0,   0,   0,   0,   0,   0,   0,   0,   0,
    0,   0,   0,   0,   0,   0,   0,   0],
 [  0,   1,   2,   0,   1,   1,   0,   0,   0,   0,   0,   0,   0,   0,
    0,  14,   0,   0,   0,   0,   0,   0],
 [  0,   0,   0,   2,   0,   0,   0,   0,   0,   0,   0,   0,   0,   0,
    0,   0,   7,   1,   0,   0,   0,   0],
 [  0,   0,   0,   0,   0,   0,   0,   1,   0,   0,   0,   0,   0,   0,
    0,   0,   0,   0,   0,   0,   0,   0],
 [  1,   0,   1,   0,   0,   0,   0,   0,   0,   0,   0,   0,   0,   0,
    0,   0,   0,   0,   1,   0,   0,   0],
 [  0,   0,   0,   0,   0,   0,   0,   0,   0,   0,   0,   0,   0,   0,
    0,   0,   0,   0,   0,   3,   0,   0],
 [  0,   1,   0,   0,   0,   0,   0,   0,   0,   0,   0,   0,   0,   0,
    0,   0,   0,   0,   0,   0,   0,   0],
 [  0,   0,   0,   0,   0,   0,   0,   0,   0,   0,   0,   0,   0,   0,
    0,   0,   0,   0,   0,   0,   0,   1]]
38	0	0.8571	0.9000	0.8780	0.8927
38	1	0.8923	0.8855	0.8889	0.8927
38	2	0.8667	0.9123	0.8889	0.8927
38	3	0.8929	0.8333	0.8621	0.8927
38	4	0.9536	0.9585	0.9561	0.8927
38	5	1.0000	0.9412	0.9697	0.8927
38	6	0.3333	1.0000	0.5000	0.8927
38	7	0.9118	0.8378	0.8732	0.8927
38	8	1.0000	0.8889	0.9412	0.8927
38	9	0.5556	0.7143	0.6250	0.8927
38	10	1.0000	0.9231	0.9600	0.8927
38	11	0.8000	0.6667	0.7273	0.8927
38	12	0.7500	0.6000	0.6667	0.8927
38	13	0.0000	0.0000	0.0000	0.8927
38	14	1.0000	1.0000	1.0000	0.8927
38	15	0.6429	0.9474	0.7660	0.8927
38	16	0.8889	0.8000	0.8421	0.8927
38	17	0.0000	0.0000	0.0000	0.8927
38	18	1.0000	0.6667	0.8000	0.8927
38	19	1.0000	0.6667	0.8000	0.8927
38	20	0.0000	0.0000	0.0000	0.8927
38	21	1.0000	1.0000	1.0000	0.8927
38	22	25.0000	25.0000	25.0000	0.8927
38	23	25.0000	25.0000	25.0000	0.8927
38	24	25.0000	25.0000	25.0000	0.8927

Confusion Matrix for Seed 38:
[[ 72,   4,   3,   0,   0,   0,   0,   0,   0,   0,   0,   0,   0,   0,
    0,   1,   0,   0,   0,   0,   0,   0],
 [  5, 116,   2,   2,   3,   0,   2,   0,   0,   0,   0,   0,   0,   0,
    0,   1,   0,   0,   0,   0,   0,   0],
 [  1,   0,  52,   0,   3,   0,   0,   0,   0,   0,   0,   0,   0,   0,
    0,   1,   0,   0,   0,   0,   0,   0],
 [  0,   3,   0,  50,   0,   0,   0,   2,   0,   0,   0,   0,   1,   0,
    0,   3,   1,   0,   0,   0,   0,   0],
 [  2,   2,   1,   0, 185,   0,   0,   0,   0,   1,   0,   1,   0,   0,
    0,   1,   0,   0,   0,   0,   0,   0],
 [  0,   0,   0,   0,   0,  16,   0,   0,   0,   0,   0,   1,   0,   0,
    0,   0,   0,   0,   0,   0,   0,   0],
 [  0,   0,   0,   0,   0,   0,   1,   0,   0,   0,   0,   0,   0,   0,
    0,   0,   0,   0,   0,   0,   0,   0],
 [  0,   2,   0,   1,   2,   0,   0,  31,   0,   0,   0,   0,   0,   0,
    0,   1,   0,   0,   0,   0,   0,   0],
 [  0,   2,   0,   0,   0,   0,   0,   0,  16,   0,   0,   0,   0,   0,
    0,   0,   0,   0,   0,   0,   0,   0],
 [  0,   1,   0,   1,   0,   0,   0,   0,   0,   5,   0,   0,   0,   0,
    0,   0,   0,   0,   0,   0,   0,   0],
 [  0,   0,   0,   0,   1,   0,   0,   0,   0,   0,  12,   0,   0,   0,
    0,   0,   0,   0,   0,   0,   0,   0],
 [  4,   0,   0,   0,   0,   0,   0,   0,   0,   0,   0,   8,   0,   0,
    0,   0,   0,   0,   0,   0,   0,   0],
 [  0,   0,   1,   0,   0,   0,   0,   0,   0,   0,   0,   0,   3,   0,
    0,   1,   0,   0,   0,   0,   0,   0],
 [  0,   0,   0,   0,   0,   0,   0,   0,   0,   1,   0,   0,   0,   0,
    0,   0,   0,   0,   0,   0,   0,   0],
 [  0,   0,   0,   0,   0,   0,   0,   0,   0,   0,   0,   0,   0,   0,
    1,   0,   0,   0,   0,   0,   0,   0],
 [  0,   0,   1,   0,   0,   0,   0,   0,   0,   0,   0,   0,   0,   0,
    0,  18,   0,   0,   0,   0,   0,   0],
 [  0,   0,   0,   2,   0,   0,   0,   0,   0,   0,   0,   0,   0,   0,
    0,   0,   8,   0,   0,   0,   0,   0],
 [  0,   0,   0,   0,   0,   0,   0,   1,   0,   0,   0,   0,   0,   0,
    0,   0,   0,   0,   0,   0,   0,   0],
 [  0,   0,   0,   0,   0,   0,   0,   0,   0,   0,   0,   0,   0,   0,
    0,   1,   0,   0,   2,   0,   0,   0],
 [  0,   0,   0,   0,   0,   0,   0,   0,   0,   1,   0,   0,   0,   0,
    0,   0,   0,   0,   0,   2,   0,   0],
 [  0,   0,   0,   0,   0,   0,   0,   0,   0,   1,   0,   0,   0,   0,
    0,   0,   0,   0,   0,   0,   0,   0],
 [  0,   0,   0,   0,   0,   0,   0,   0,   0,   0,   0,   0,   0,   0,
    0,   0,   0,   0,   0,   0,   0,   1]]
40	0	0.8421	0.8000	0.8205	0.8495
40	1	0.8607	0.8015	0.8300	0.8495
40	2	0.7143	0.8772	0.7874	0.8495
40	3	0.8308	0.9000	0.8640	0.8495
40	4	0.9150	0.9482	0.9313	0.8495
40	5	0.8333	0.8824	0.8571	0.8495
40	6	0.0000	0.0000	0.0000	0.8495
40	7	0.8049	0.8919	0.8462	0.8495
40	8	1.0000	0.6111	0.7586	0.8495
40	9	0.7500	0.4286	0.5455	0.8495
40	10	1.0000	0.8462	0.9167	0.8495
40	11	0.7857	0.9167	0.8462	0.8495
40	12	0.6000	0.6000	0.6000	0.8495
40	13	0.0000	0.0000	0.0000	0.8495
40	14	0.0000	0.0000	0.0000	0.8495
40	15	0.8462	0.5789	0.6875	0.8495
40	16	0.9000	0.9000	0.9000	0.8495
40	17	1.0000	1.0000	1.0000	0.8495
40	18	0.6667	0.6667	0.6667	0.8495
40	19	1.0000	1.0000	1.0000	0.8495
40	20	0.0000	0.0000	0.0000	0.8495
40	21	1.0000	1.0000	1.0000	0.8495
40	22	25.0000	25.0000	25.0000	0.8495
40	23	25.0000	25.0000	25.0000	0.8495
40	24	25.0000	25.0000	25.0000	0.8495

Confusion Matrix for Seed 40:
[[ 64,   3,   7,   0,   1,   0,   1,   0,   0,   0,   0,   3,   0,   0,
    0,   1,   0,   0,   0,   0,   0,   0],
 [  8, 105,   3,   3,   7,   0,   1,   4,   0,   0,   0,   0,   0,   0,
    0,   0,   0,   0,   0,   0,   0,   0],
 [  2,   1,  50,   0,   2,   0,   0,   2,   0,   0,   0,   0,   0,   0,
    0,   0,   0,   0,   0,   0,   0,   0],
 [  1,   1,   2,  54,   0,   0,   1,   0,   0,   0,   0,   0,   1,   0,
    0,   0,   0,   0,   0,   0,   0,   0],
 [  0,   7,   0,   1, 183,   0,   0,   1,   0,   0,   0,   0,   0,   0,
    0,   1,   0,   0,   0,   0,   0,   0],
 [  0,   0,   1,   0,   0,  15,   0,   0,   0,   0,   0,   0,   1,   0,
    0,   0,   0,   0,   0,   0,   0,   0],
 [  0,   0,   0,   0,   0,   1,   0,   0,   0,   0,   0,   0,   0,   0,
    0,   0,   0,   0,   0,   0,   0,   0],
 [  0,   0,   1,   3,   0,   0,   0,  33,   0,   0,   0,   0,   0,   0,
    0,   0,   0,   0,   0,   0,   0,   0],
 [  0,   2,   3,   1,   1,   0,   0,   0,  11,   0,   0,   0,   0,   0,
    0,   0,   0,   0,   0,   0,   0,   0],
 [  0,   0,   0,   1,   3,   0,   0,   0,   0,   3,   0,   0,   0,   0,
    0,   0,   0,   0,   0,   0,   0,   0],
 [  0,   1,   0,   0,   0,   0,   0,   0,   0,   0,  11,   0,   0,   0,
    0,   0,   1,   0,   0,   0,   0,   0],
 [  0,   0,   1,   0,   0,   0,   0,   0,   0,   0,   0,  11,   0,   0,
    0,   0,   0,   0,   0,   0,   0,   0],
 [  0,   0,   0,   0,   0,   1,   0,   0,   0,   0,   0,   0,   3,   0,
    0,   0,   0,   0,   1,   0,   0,   0],
 [  0,   1,   0,   0,   0,   0,   0,   0,   0,   0,   0,   0,   0,   0,
    0,   0,   0,   0,   0,   0,   0,   0],
 [  0,   0,   0,   1,   0,   0,   0,   0,   0,   0,   0,   0,   0,   0,
    0,   0,   0,   0,   0,   0,   0,   0],
 [  1,   0,   2,   0,   3,   1,   0,   1,   0,   0,   0,   0,   0,   0,
    0,  11,   0,   0,   0,   0,   0,   0],
 [  0,   0,   0,   1,   0,   0,   0,   0,   0,   0,   0,   0,   0,   0,
    0,   0,   9,   0,   0,   0,   0,   0],
 [  0,   0,   0,   0,   0,   0,   0,   0,   0,   0,   0,   0,   0,   0,
    0,   0,   0,   1,   0,   0,   0,   0],
 [  0,   1,   0,   0,   0,   0,   0,   0,   0,   0,   0,   0,   0,   0,
    0,   0,   0,   0,   2,   0,   0,   0],
 [  0,   0,   0,   0,   0,   0,   0,   0,   0,   0,   0,   0,   0,   0,
    0,   0,   0,   0,   0,   3,   0,   0],
 [  0,   0,   0,   0,   0,   0,   0,   0,   0,   1,   0,   0,   0,   0,
    0,   0,   0,   0,   0,   0,   0,   0],
 [  0,   0,   0,   0,   0,   0,   0,   0,   0,   0,   0,   0,   0,   0,
    0,   0,   0,   0,   0,   0,   0,   1]]
