Seed	Label	Precision	Recall	F1
2	0	0.7736	0.7069	0.7387
2	1	0.6034	0.7447	0.6667
2	2	0.6400	0.7619	0.6957
2	3	0.8182	0.6923	0.7500
2	4	0.8000	0.6667	0.7273
2	5	0.6923	0.8182	0.7500
2	6	0.8750	0.7000	0.7778
2	7	0.8333	0.8333	0.8333
2	8	0.8000	1.0000	0.8889
2	9	0.6667	0.6667	0.6667
2	10	1.0000	0.6667	0.8000
2	11	0.5000	0.5000	0.5000
2	12	0.0000	0.0000	0.0000
2	13	1.0000	0.5000	0.6667
2	14	0.0000	0.0000	0.0000
2	15	0.0000	0.0000	0.0000
2	16	1.0000	1.0000	1.0000
2	17	0.0000	0.0000	0.0000
2	18	0.0000	0.0000	0.0000
2	19	1.0000	1.0000	1.0000
2	20	0.0000	0.0000	0.0000
2	21	0.0000	0.0000	0.0000
2	22	0.0000	0.0000	0.0000
2	23	0.0000	0.0000	0.0000
2	24	0.0000	0.0000	0.0000
4	0	0.8077	0.7241	0.7636
4	1	0.7143	0.8511	0.7767
4	2	0.6471	0.7857	0.7097
4	3	0.8333	0.7692	0.8000
4	4	0.7692	0.8333	0.8000
4	5	0.7273	0.7273	0.7273
4	6	0.6250	0.5000	0.5556
4	7	0.6667	0.6667	0.6667
4	8	1.0000	1.0000	1.0000
4	9	1.0000	0.6667	0.8000
4	10	0.7500	1.0000	0.8571
4	11	0.0000	0.0000	0.0000
4	12	1.0000	0.5000	0.6667
4	13	1.0000	0.5000	0.6667
4	14	0.0000	0.0000	0.0000
4	15	0.0000	0.0000	0.0000
4	16	1.0000	1.0000	1.0000
4	17	1.0000	1.0000	1.0000
4	18	0.0000	0.0000	0.0000
4	19	1.0000	1.0000	1.0000
4	20	0.0000	0.0000	0.0000
4	21	0.0000	0.0000	0.0000
4	22	0.0000	0.0000	0.0000
4	23	0.0000	0.0000	0.0000
4	24	0.0000	0.0000	0.0000
6	0	0.7119	0.7241	0.7179
6	1	0.7000	0.7447	0.7216
6	2	0.6170	0.6905	0.6517
6	3	0.6364	0.5385	0.5833
6	4	0.9000	0.7500	0.8182
6	5	0.7273	0.7273	0.7273
6	6	0.6364	0.7000	0.6667
6	7	1.0000	1.0000	1.0000
6	8	0.6667	1.0000	0.8000
6	9	0.0000	0.0000	0.0000
6	10	0.5000	0.3333	0.4000
6	11	0.5000	0.5000	0.5000
6	12	0.0000	0.0000	0.0000
6	13	1.0000	1.0000	1.0000
6	14	0.0000	0.0000	0.0000
6	15	0.0000	0.0000	0.0000
6	16	1.0000	1.0000	1.0000
6	17	0.0000	0.0000	0.0000
6	18	0.0000	0.0000	0.0000
6	19	1.0000	1.0000	1.0000
6	20	0.0000	0.0000	0.0000
6	21	0.0000	0.0000	0.0000
6	22	0.0000	0.0000	0.0000
6	23	0.0000	0.0000	0.0000
6	24	0.0000	0.0000	0.0000
8	0	0.7593	0.7069	0.7321
8	1	0.6909	0.8085	0.7451
8	2	0.6400	0.7619	0.6957
8	3	0.5385	0.5385	0.5385
8	4	0.5833	0.5833	0.5833
8	5	1.0000	0.9091	0.9524
8	6	0.7500	0.6000	0.6667
8	7	0.8000	0.6667	0.7273
8	8	0.7500	0.7500	0.7500
8	9	0.6667	0.6667	0.6667
8	10	0.5000	0.6667	0.5714
8	11	0.0000	0.0000	0.0000
8	12	0.0000	0.0000	0.0000
8	13	0.4000	1.0000	0.5714
8	14	0.0000	0.0000	0.0000
8	15	1.0000	1.0000	1.0000
8	16	0.0000	0.0000	0.0000
8	17	0.0000	0.0000	0.0000
8	18	0.0000	0.0000	0.0000
8	19	1.0000	1.0000	1.0000
8	20	0.0000	0.0000	0.0000
8	21	0.0000	0.0000	0.0000
8	22	0.0000	0.0000	0.0000
8	23	0.0000	0.0000	0.0000
8	24	0.0000	0.0000	0.0000
10	0	0.8254	0.8966	0.8595
10	1	0.7778	0.7447	0.7609
10	2	0.6739	0.7381	0.7045
10	3	0.9167	0.8462	0.8800
10	4	0.8462	0.9167	0.8800
10	5	0.8333	0.9091	0.8696
10	6	0.6667	0.8000	0.7273
10	7	1.0000	0.6667	0.8000
10	8	0.5714	1.0000	0.7273
10	9	0.6667	0.6667	0.6667
10	10	1.0000	0.6667	0.8000
10	11	1.0000	0.5000	0.6667
10	12	0.0000	0.0000	0.0000
10	13	1.0000	0.5000	0.6667
10	14	0.0000	0.0000	0.0000
10	15	0.5000	1.0000	0.6667
10	16	0.0000	0.0000	0.0000
10	17	0.0000	0.0000	0.0000
10	18	0.0000	0.0000	0.0000
10	19	1.0000	1.0000	1.0000
10	20	0.0000	0.0000	0.0000
10	21	0.0000	0.0000	0.0000
10	22	0.0000	0.0000	0.0000
10	23	0.0000	0.0000	0.0000
10	24	0.0000	0.0000	0.0000
12	0	0.7143	0.6897	0.7018
12	1	0.7021	0.7021	0.7021
12	2	0.6667	0.7143	0.6897
12	3	0.7273	0.6154	0.6667
12	4	0.7000	0.5833	0.6364
12	5	0.7692	0.9091	0.8333
12	6	0.6667	0.8000	0.7273
12	7	0.8571	1.0000	0.9231
12	8	1.0000	0.7500	0.8571
12	9	0.7500	1.0000	0.8571
12	10	0.6000	1.0000	0.7500
12	11	0.0000	0.0000	0.0000
12	12	0.0000	0.0000	0.0000
12	13	1.0000	1.0000	1.0000
12	14	0.0000	0.0000	0.0000
12	15	0.0000	0.0000	0.0000
12	16	0.0000	0.0000	0.0000
12	17	0.5000	1.0000	0.6667
12	18	0.0000	0.0000	0.0000
12	19	1.0000	1.0000	1.0000
12	20	0.0000	0.0000	0.0000
12	21	0.0000	0.0000	0.0000
12	22	0.0000	0.0000	0.0000
12	23	0.0000	0.0000	0.0000
12	24	0.0000	0.0000	0.0000
14	0	0.9000	0.6207	0.7347
14	1	0.6852	0.7872	0.7327
14	2	0.5862	0.8095	0.6800
14	3	0.7333	0.8462	0.7857
14	4	0.6875	0.9167	0.7857
14	5	0.8182	0.8182	0.8182
14	6	0.8889	0.8000	0.8421
14	7	0.7500	0.5000	0.6000
14	8	1.0000	1.0000	1.0000
14	9	0.5000	1.0000	0.6667
14	10	0.6667	0.6667	0.6667
14	11	0.0000	0.0000	0.0000
14	12	0.0000	0.0000	0.0000
14	13	1.0000	1.0000	1.0000
14	14	0.0000	0.0000	0.0000
14	15	0.0000	0.0000	0.0000
14	16	0.0000	0.0000	0.0000
14	17	0.0000	0.0000	0.0000
14	18	0.0000	0.0000	0.0000
14	19	1.0000	1.0000	1.0000
14	20	0.0000	0.0000	0.0000
14	21	0.0000	0.0000	0.0000
14	22	0.0000	0.0000	0.0000
14	23	0.0000	0.0000	0.0000
14	24	0.0000	0.0000	0.0000
16	0	0.6897	0.6897	0.6897
16	1	0.5814	0.5319	0.5556
16	2	0.6346	0.7857	0.7021
16	3	0.7692	0.7692	0.7692
16	4	0.6875	0.9167	0.7857
16	5	0.5882	0.9091	0.7143
16	6	1.0000	0.6000	0.7500
16	7	0.6667	0.6667	0.6667
16	8	1.0000	0.7500	0.8571
16	9	0.6667	0.6667	0.6667
16	10	1.0000	0.6667	0.8000
16	11	0.5000	0.5000	0.5000
16	12	0.5000	0.5000	0.5000
16	13	1.0000	0.5000	0.6667
16	14	0.0000	0.0000	0.0000
16	15	0.0000	0.0000	0.0000
16	16	0.0000	0.0000	0.0000
16	17	0.0000	0.0000	0.0000
16	18	0.0000	0.0000	0.0000
16	19	1.0000	1.0000	1.0000
16	20	0.0000	0.0000	0.0000
16	21	0.0000	0.0000	0.0000
16	22	0.0000	0.0000	0.0000
16	23	0.0000	0.0000	0.0000
16	24	0.0000	0.0000	0.0000
18	0	0.7736	0.7069	0.7387
18	1	0.6136	0.5745	0.5934
18	2	0.5660	0.7143	0.6316
18	3	0.6875	0.8462	0.7586
18	4	0.7273	0.6667	0.6957
18	5	0.8000	0.7273	0.7619
18	6	0.7000	0.7000	0.7000
18	7	0.6000	1.0000	0.7500
18	8	1.0000	1.0000	1.0000
18	9	0.6000	1.0000	0.7500
18	10	1.0000	0.3333	0.5000
18	11	0.0000	0.0000	0.0000
18	12	0.0000	0.0000	0.0000
18	13	1.0000	1.0000	1.0000
18	14	0.0000	0.0000	0.0000
18	15	1.0000	1.0000	1.0000
18	16	0.5000	1.0000	0.6667
18	17	0.0000	0.0000	0.0000
18	18	0.0000	0.0000	0.0000
18	19	1.0000	1.0000	1.0000
18	20	0.0000	0.0000	0.0000
18	21	0.0000	0.0000	0.0000
18	22	0.0000	0.0000	0.0000
18	23	0.0000	0.0000	0.0000
18	24	0.0000	0.0000	0.0000
20	0	0.7451	0.6552	0.6972
20	1	0.7308	0.8085	0.7677
20	2	0.5614	0.7619	0.6465
20	3	0.7000	0.5385	0.6087
20	4	0.7273	0.6667	0.6957
20	5	0.7778	0.6364	0.7000
20	6	0.7500	0.9000	0.8182
20	7	0.7500	0.5000	0.6000
20	8	1.0000	1.0000	1.0000
20	9	0.7500	1.0000	0.8571
20	10	0.5000	0.6667	0.5714
20	11	0.0000	0.0000	0.0000
20	12	0.0000	0.0000	0.0000
20	13	0.0000	0.0000	0.0000
20	14	0.0000	0.0000	0.0000
20	15	0.5000	1.0000	0.6667
20	16	0.0000	0.0000	0.0000
20	17	0.0000	0.0000	0.0000
20	18	0.0000	0.0000	0.0000
20	19	1.0000	1.0000	1.0000
20	20	0.0000	0.0000	0.0000
20	21	0.0000	0.0000	0.0000
20	22	0.0000	0.0000	0.0000
20	23	0.0000	0.0000	0.0000
20	24	0.0000	0.0000	0.0000
22	0	0.7818	0.7414	0.7611
22	1	0.6739	0.6596	0.6667
22	2	0.6034	0.8333	0.7000
22	3	0.8462	0.8462	0.8462
22	4	0.6000	0.5000	0.5455
22	5	0.8889	0.7273	0.8000
22	6	0.7778	0.7000	0.7368
22	7	0.7500	1.0000	0.8571
22	8	0.8000	1.0000	0.8889
22	9	0.5000	0.3333	0.4000
22	10	0.6667	0.6667	0.6667
22	11	0.5000	0.5000	0.5000
22	12	0.0000	0.0000	0.0000
22	13	0.0000	0.0000	0.0000
22	14	0.0000	0.0000	0.0000
22	15	0.0000	0.0000	0.0000
22	16	0.3333	1.0000	0.5000
22	17	0.0000	0.0000	0.0000
22	18	0.0000	0.0000	0.0000
22	19	1.0000	1.0000	1.0000
22	20	0.0000	0.0000	0.0000
22	21	0.0000	0.0000	0.0000
22	22	0.0000	0.0000	0.0000
22	23	0.0000	0.0000	0.0000
22	24	0.0000	0.0000	0.0000
24	0	0.7361	0.9138	0.8154
24	1	0.7895	0.6383	0.7059
24	2	0.7111	0.7619	0.7356
24	3	0.8182	0.6923	0.7500
24	4	0.7500	0.7500	0.7500
24	5	0.6923	0.8182	0.7500
24	6	0.6364	0.7000	0.6667
24	7	1.0000	0.8333	0.9091
24	8	0.7500	0.7500	0.7500
24	9	1.0000	0.6667	0.8000
24	10	1.0000	1.0000	1.0000
24	11	1.0000	0.5000	0.6667
24	12	0.5000	0.5000	0.5000
24	13	0.5000	0.5000	0.5000
24	14	0.0000	0.0000	0.0000
24	15	0.0000	0.0000	0.0000
24	16	0.5000	1.0000	0.6667
24	17	0.0000	0.0000	0.0000
24	18	0.0000	0.0000	0.0000
24	19	1.0000	1.0000	1.0000
24	20	0.0000	0.0000	0.0000
24	21	0.0000	0.0000	0.0000
24	22	0.0000	0.0000	0.0000
24	23	0.0000	0.0000	0.0000
24	24	0.0000	0.0000	0.0000
26	0	0.7377	0.7759	0.7563
26	1	0.7500	0.7660	0.7579
26	2	0.7561	0.7381	0.7470
26	3	0.8462	0.8462	0.8462
26	4	0.6250	0.8333	0.7143
26	5	0.7500	0.8182	0.7826
26	6	1.0000	0.9000	0.9474
26	7	1.0000	0.3333	0.5000
26	8	1.0000	0.7500	0.8571
26	9	0.3333	0.6667	0.4444
26	10	0.6667	0.6667	0.6667
26	11	1.0000	0.5000	0.6667
26	12	0.0000	0.0000	0.0000
26	13	1.0000	0.5000	0.6667
26	14	0.0000	0.0000	0.0000
26	15	0.2500	1.0000	0.4000
26	16	0.5000	1.0000	0.6667
26	17	0.0000	0.0000	0.0000
26	18	0.0000	0.0000	0.0000
26	19	1.0000	1.0000	1.0000
26	20	0.0000	0.0000	0.0000
26	21	0.0000	0.0000	0.0000
26	22	0.0000	0.0000	0.0000
26	23	0.0000	0.0000	0.0000
26	24	0.0000	0.0000	0.0000
28	0	0.8846	0.7931	0.8364
28	1	0.6441	0.8085	0.7170
28	2	0.6341	0.6190	0.6265
28	3	0.5000	0.4615	0.4800
28	4	0.7333	0.9167	0.8148
28	5	0.7857	1.0000	0.8800
28	6	0.9000	0.9000	0.9000
28	7	0.8333	0.8333	0.8333
28	8	1.0000	1.0000	1.0000
28	9	1.0000	1.0000	1.0000
28	10	1.0000	0.6667	0.8000
28	11	0.0000	0.0000	0.0000
28	12	0.0000	0.0000	0.0000
28	13	1.0000	0.5000	0.6667
28	14	1.0000	1.0000	1.0000
28	15	0.0000	0.0000	0.0000
28	16	0.0000	0.0000	0.0000
28	17	0.0000	0.0000	0.0000
28	18	0.0000	0.0000	0.0000
28	19	1.0000	1.0000	1.0000
28	20	0.0000	0.0000	0.0000
28	21	0.0000	0.0000	0.0000
28	22	0.0000	0.0000	0.0000
28	23	0.0000	0.0000	0.0000
28	24	0.0000	0.0000	0.0000
30	0	0.7258	0.7759	0.7500
30	1	0.8049	0.7021	0.7500
30	2	0.6364	0.6667	0.6512
30	3	0.7857	0.8462	0.8148
30	4	0.8182	0.7500	0.7826
30	5	0.5000	0.6364	0.5600
30	6	0.7273	0.8000	0.7619
30	7	0.7143	0.8333	0.7692
30	8	0.8000	1.0000	0.8889
30	9	0.5000	0.6667	0.5714
30	10	1.0000	0.6667	0.8000
30	11	0.0000	0.0000	0.0000
30	12	0.0000	0.0000	0.0000
30	13	0.4000	1.0000	0.5714
30	14	0.0000	0.0000	0.0000
30	15	0.5000	1.0000	0.6667
30	16	1.0000	1.0000	1.0000
30	17	0.0000	0.0000	0.0000
30	18	0.0000	0.0000	0.0000
30	19	1.0000	1.0000	1.0000
30	20	0.0000	0.0000	0.0000
30	21	0.0000	0.0000	0.0000
30	22	0.0000	0.0000	0.0000
30	23	0.0000	0.0000	0.0000
30	24	0.0000	0.0000	0.0000
32	0	0.7273	0.6897	0.7080
32	1	0.5897	0.4894	0.5349
32	2	0.7083	0.8095	0.7556
32	3	0.5714	0.9231	0.7059
32	4	0.7333	0.9167	0.8148
32	5	0.8333	0.4545	0.5882
32	6	0.7000	0.7000	0.7000
32	7	0.8333	0.8333	0.8333
32	8	1.0000	0.5000	0.6667
32	9	0.6000	1.0000	0.7500
32	10	0.4000	0.6667	0.5000
32	11	0.2500	0.5000	0.3333
32	12	0.0000	0.0000	0.0000
32	13	1.0000	0.5000	0.6667
32	14	0.0000	0.0000	0.0000
32	15	0.0000	0.0000	0.0000
32	16	0.0000	0.0000	0.0000
32	17	0.0000	0.0000	0.0000
32	18	0.0000	0.0000	0.0000
32	19	1.0000	1.0000	1.0000
32	20	0.0000	0.0000	0.0000
32	21	0.0000	0.0000	0.0000
32	22	0.0000	0.0000	0.0000
32	23	0.0000	0.0000	0.0000
32	24	0.0000	0.0000	0.0000
34	0	0.8421	0.8276	0.8348
34	1	0.7292	0.7447	0.7368
34	2	0.6522	0.7143	0.6818
34	3	0.5000	0.3846	0.4348
34	4	0.6667	0.8333	0.7407
34	5	0.7273	0.7273	0.7273
34	6	0.5000	0.8000	0.6154
34	7	0.7500	0.5000	0.6000
34	8	0.8000	1.0000	0.8889
34	9	0.7500	1.0000	0.8571
34	10	1.0000	0.3333	0.5000
34	11	0.0000	0.0000	0.0000
34	12	0.0000	0.0000	0.0000
34	13	1.0000	1.0000	1.0000
34	14	0.0000	0.0000	0.0000
34	15	0.0000	0.0000	0.0000
34	16	0.0000	0.0000	0.0000
34	17	0.0000	0.0000	0.0000
34	18	0.0000	0.0000	0.0000
34	19	1.0000	1.0000	1.0000
34	20	0.0000	0.0000	0.0000
34	21	0.0000	0.0000	0.0000
34	22	0.0000	0.0000	0.0000
34	23	0.0000	0.0000	0.0000
34	24	0.0000	0.0000	0.0000
36	0	0.7778	0.7241	0.7500
36	1	0.6140	0.7447	0.6731
36	2	0.6410	0.5952	0.6173
36	3	0.5882	0.7692	0.6667
36	4	0.6923	0.7500	0.7200
36	5	0.7778	0.6364	0.7000
36	6	0.6000	0.6000	0.6000
36	7	0.5714	0.6667	0.6154
36	8	1.0000	0.7500	0.8571
36	9	0.5000	0.6667	0.5714
36	10	0.6667	0.6667	0.6667
36	11	0.3333	0.5000	0.4000
36	12	0.0000	0.0000	0.0000
36	13	0.6667	1.0000	0.8000
36	14	0.0000	0.0000	0.0000
36	15	0.0000	0.0000	0.0000
36	16	0.0000	0.0000	0.0000
36	17	1.0000	1.0000	1.0000
36	18	0.0000	0.0000	0.0000
36	19	1.0000	1.0000	1.0000
36	20	0.0000	0.0000	0.0000
36	21	0.0000	0.0000	0.0000
36	22	0.0000	0.0000	0.0000
36	23	0.0000	0.0000	0.0000
36	24	0.0000	0.0000	0.0000
38	0	0.6714	0.8103	0.7344
38	1	0.7000	0.5957	0.6437
38	2	0.6364	0.6667	0.6512
38	3	0.7692	0.7692	0.7692
38	4	0.7143	0.8333	0.7692
38	5	0.7778	0.6364	0.7000
38	6	0.7778	0.7000	0.7368
38	7	0.7500	0.5000	0.6000
38	8	1.0000	1.0000	1.0000
38	9	0.6000	1.0000	0.7500
38	10	0.6667	0.6667	0.6667
38	11	0.0000	0.0000	0.0000
38	12	0.0000	0.0000	0.0000
38	13	1.0000	1.0000	1.0000
38	14	0.0000	0.0000	0.0000
38	15	0.0000	0.0000	0.0000
38	16	1.0000	1.0000	1.0000
38	17	0.0000	0.0000	0.0000
38	18	0.0000	0.0000	0.0000
38	19	1.0000	1.0000	1.0000
38	20	0.0000	0.0000	0.0000
38	21	0.0000	0.0000	0.0000
38	22	0.0000	0.0000	0.0000
38	23	0.0000	0.0000	0.0000
38	24	0.0000	0.0000	0.0000
40	0	0.7119	0.7241	0.7179
40	1	0.6667	0.6383	0.6522
40	2	0.5745	0.6429	0.6067
40	3	0.6364	0.5385	0.5833
40	4	0.8333	0.8333	0.8333
40	5	0.7857	1.0000	0.8800
40	6	0.7500	0.6000	0.6667
40	7	0.4286	0.5000	0.4615
40	8	1.0000	0.7500	0.8571
40	9	0.5000	0.6667	0.5714
40	10	0.6667	0.6667	0.6667
40	11	0.3333	0.5000	0.4000
40	12	0.0000	0.0000	0.0000
40	13	0.6667	1.0000	0.8000
40	14	0.0000	0.0000	0.0000
40	15	1.0000	1.0000	1.0000
40	16	0.5000	1.0000	0.6667
40	17	0.0000	0.0000	0.0000
40	18	0.0000	0.0000	0.0000
40	19	1.0000	1.0000	1.0000
40	20	0.0000	0.0000	0.0000
40	21	0.0000	0.0000	0.0000
40	22	0.0000	0.0000	0.0000
40	23	0.0000	0.0000	0.0000
40	24	0.0000	0.0000	0.0000
