Seed	Label	Precision	Recall	F1	Accuracy
2	0	0.7676	0.7899	0.7786	0.8350
2	1	0.8314	0.8034	0.8171	0.8350
2	2	0.7653	0.7576	0.7614	0.8350
2	3	0.8590	0.9178	0.8874	0.8350
2	4	0.9231	0.9366	0.9298	0.8350
2	5	0.9000	0.9643	0.9310	0.8350
2	6	0.6667	0.7273	0.6957	0.8350
2	7	0.8636	0.8837	0.8736	0.8350
2	8	0.9048	0.8636	0.8837	0.8350
2	9	0.6154	0.8000	0.6957	0.8350
2	10	0.9333	0.8750	0.9032	0.8350
2	11	0.6923	0.6429	0.6667	0.8350
2	12	0.8333	0.7143	0.7692	0.8350
2	13	1.0000	0.6667	0.8000	0.8350
2	14	0.0000	0.0000	0.0000	0.8350
2	15	0.7727	0.8500	0.8095	0.8350
2	16	0.7273	0.7273	0.7273	0.8350
2	17	0.5000	0.5000	0.5000	0.8350
2	18	1.0000	0.7500	0.8571	0.8350
2	19	1.0000	0.7500	0.8571	0.8350
2	20	0.0000	0.0000	0.0000	0.8350
2	21	0.0000	0.0000	0.0000	0.8350
2	22	0.0000	0.0000	0.0000	0.8350
2	23	0.0000	0.0000	0.0000	0.8350
2	24	1.0000	0.5000	0.6667	0.8350

Confusion Matrix for Seed 2:
[[109,  10,   9,   3,   3,   0,   1,   0,   0,   0,   0,   2,   0,   0,
    0,   1,   0,   0,   0,   0,   0,   0,   0,   0,   0],
 [ 10, 143,   4,   3,   6,   1,   2,   3,   0,   1,   0,   2,   1,   0,
    0,   2,   0,   0,   0,   0,   0,   0,   0,   0,   0],
 [ 14,   3,  75,   0,   2,   0,   0,   3,   0,   0,   1,   0,   0,   0,
    0,   0,   1,   0,   0,   0,   0,   0,   0,   0,   0],
 [  3,   2,   0,  67,   1,   0,   0,   0,   0,   0,   0,   0,   0,   0,
    0,   0,   0,   0,   0,   0,   0,   0,   0,   0,   0],
 [  1,   5,   4,   1, 192,   0,   0,   0,   0,   1,   0,   0,   0,   0,
    0,   1,   0,   0,   0,   0,   0,   0,   0,   0,   0],
 [  0,   0,   0,   0,   0,  27,   0,   0,   0,   0,   0,   0,   0,   0,
    0,   1,   0,   0,   0,   0,   0,   0,   0,   0,   0],
 [  0,   2,   0,   0,   0,   1,   8,   0,   0,   0,   0,   0,   0,   0,
    0,   0,   0,   0,   0,   0,   0,   0,   0,   0,   0],
 [  0,   1,   2,   1,   1,   0,   0,  38,   0,   0,   0,   0,   0,   0,
    0,   0,   0,   0,   0,   0,   0,   0,   0,   0,   0],
 [  1,   1,   0,   0,   1,   0,   0,   0,  19,   0,   0,   0,   0,   0,
    0,   0,   0,   0,   0,   0,   0,   0,   0,   0,   0],
 [  0,   0,   1,   0,   0,   0,   0,   0,   1,   8,   0,   0,   0,   0,
    0,   0,   0,   0,   0,   0,   0,   0,   0,   0,   0],
 [  1,   1,   0,   0,   0,   0,   0,   0,   0,   0,  14,   0,   0,   0,
    0,   0,   0,   0,   0,   0,   0,   0,   0,   0,   0],
 [  1,   0,   0,   0,   1,   0,   0,   0,   0,   1,   0,   9,   0,   0,
    1,   0,   1,   0,   0,   0,   0,   0,   0,   0,   0],
 [  1,   0,   0,   0,   0,   0,   0,   0,   0,   1,   0,   0,   5,   0,
    0,   0,   0,   0,   0,   0,   0,   0,   0,   0,   0],
 [  0,   1,   0,   0,   0,   0,   0,   0,   0,   0,   0,   0,   0,   2,
    0,   0,   0,   0,   0,   0,   0,   0,   0,   0,   0],
 [  1,   1,   0,   0,   0,   0,   0,   0,   0,   0,   0,   0,   0,   0,
    0,   0,   0,   0,   0,   0,   0,   0,   0,   0,   0],
 [  0,   0,   1,   0,   1,   1,   0,   0,   0,   0,   0,   0,   0,   0,
    0,  17,   0,   0,   0,   0,   0,   0,   0,   0,   0],
 [  0,   0,   0,   1,   0,   0,   1,   0,   0,   0,   0,   0,   0,   0,
    0,   0,   8,   1,   0,   0,   0,   0,   0,   0,   0],
 [  0,   0,   0,   0,   0,   0,   0,   0,   1,   0,   0,   0,   0,   0,
    0,   0,   0,   1,   0,   0,   0,   0,   0,   0,   0],
 [  0,   1,   0,   0,   0,   0,   0,   0,   0,   0,   0,   0,   0,   0,
    0,   0,   0,   0,   3,   0,   0,   0,   0,   0,   0],
 [  0,   0,   0,   0,   0,   0,   0,   0,   0,   0,   0,   0,   0,   0,
    0,   0,   1,   0,   0,   3,   0,   0,   0,   0,   0],
 [  0,   0,   1,   0,   0,   0,   0,   0,   0,   0,   0,   0,   0,   0,
    0,   0,   0,   0,   0,   0,   0,   0,   0,   0,   0],
 [  0,   0,   0,   1,   0,   0,   0,   0,   0,   1,   0,   0,   0,   0,
    0,   0,   0,   0,   0,   0,   0,   0,   0,   0,   0],
 [  0,   0,   1,   0,   0,   0,   0,   0,   0,   0,   0,   0,   0,   0,
    0,   0,   0,   0,   0,   0,   0,   0,   0,   0,   0],
 [  0,   1,   0,   0,   0,   0,   0,   0,   0,   0,   0,   0,   0,   0,
    0,   0,   0,   0,   0,   0,   0,   0,   0,   0,   0],
 [  0,   0,   0,   1,   0,   0,   0,   0,   0,   0,   0,   0,   0,   0,
    0,   0,   0,   0,   0,   0,   0,   0,   0,   0,   1]]
4	0	0.8175	0.8116	0.8145	0.8395
4	1	0.7887	0.8596	0.8226	0.8395
4	2	0.7835	0.7677	0.7755	0.8395
4	3	0.8611	0.8493	0.8552	0.8395
4	4	0.9415	0.9415	0.9415	0.8395
4	5	0.8667	0.9286	0.8966	0.8395
4	6	0.5714	0.3636	0.4444	0.8395
4	7	0.8140	0.8140	0.8140	0.8395
4	8	0.8800	1.0000	0.9362	0.8395
4	9	0.8000	0.8000	0.8000	0.8395
4	10	0.8750	0.8750	0.8750	0.8395
4	11	0.9286	0.9286	0.9286	0.8395
4	12	0.6667	0.2857	0.4000	0.8395
4	13	1.0000	0.3333	0.5000	0.8395
4	14	0.0000	0.0000	0.0000	0.8395
4	15	0.6250	0.7500	0.6818	0.8395
4	16	0.8462	1.0000	0.9167	0.8395
4	17	0.0000	0.0000	0.0000	0.8395
4	18	1.0000	0.5000	0.6667	0.8395
4	19	1.0000	0.7500	0.8571	0.8395
4	20	0.0000	0.0000	0.0000	0.8395
4	21	0.0000	0.0000	0.0000	0.8395
4	22	0.0000	0.0000	0.0000	0.8395
4	23	0.0000	0.0000	0.0000	0.8395
4	24	1.0000	0.5000	0.6667	0.8395

Confusion Matrix for Seed 4:
[[112,  12,   6,   1,   1,   0,   2,   1,   1,   0,   0,   1,   0,   0,
    0,   1,   0,   0,   0,   0,   0,   0,   0,   0,   0],
 [  8, 153,   7,   3,   3,   0,   0,   3,   0,   0,   0,   0,   0,   0,
    0,   1,   0,   0,   0,   0,   0,   0,   0,   0,   0],
 [  8,   3,  76,   1,   3,   0,   0,   2,   1,   0,   2,   0,   0,   0,
    0,   3,   0,   0,   0,   0,   0,   0,   0,   0,   0],
 [  3,   6,   0,  62,   1,   0,   0,   1,   0,   0,   0,   0,   0,   0,
    0,   0,   0,   0,   0,   0,   0,   0,   0,   0,   0],
 [  1,   7,   2,   0, 193,   0,   0,   0,   0,   2,   0,   0,   0,   0,
    0,   0,   0,   0,   0,   0,   0,   0,   0,   0,   0],
 [  1,   0,   0,   0,   0,  26,   0,   0,   0,   0,   0,   0,   0,   0,
    0,   1,   0,   0,   0,   0,   0,   0,   0,   0,   0],
 [  2,   3,   0,   1,   0,   1,   4,   0,   0,   0,   0,   0,   0,   0,
    0,   0,   0,   0,   0,   0,   0,   0,   0,   0,   0],
 [  0,   3,   0,   2,   1,   0,   0,  35,   0,   0,   0,   0,   0,   0,
    0,   2,   0,   0,   0,   0,   0,   0,   0,   0,   0],
 [  0,   0,   0,   0,   0,   0,   0,   0,  22,   0,   0,   0,   0,   0,
    0,   0,   0,   0,   0,   0,   0,   0,   0,   0,   0],
 [  0,   0,   1,   0,   1,   0,   0,   0,   0,   8,   0,   0,   0,   0,
    0,   0,   0,   0,   0,   0,   0,   0,   0,   0,   0],
 [  0,   2,   0,   0,   0,   0,   0,   0,   0,   0,  14,   0,   0,   0,
    0,   0,   0,   0,   0,   0,   0,   0,   0,   0,   0],
 [  1,   0,   0,   0,   0,   0,   0,   0,   0,   0,   0,  13,   0,   0,
    0,   0,   0,   0,   0,   0,   0,   0,   0,   0,   0],
 [  0,   1,   0,   1,   1,   2,   0,   0,   0,   0,   0,   0,   2,   0,
    0,   0,   0,   0,   0,   0,   0,   0,   0,   0,   0],
 [  0,   0,   1,   0,   0,   0,   0,   0,   0,   0,   0,   0,   1,   1,
    0,   0,   0,   0,   0,   0,   0,   0,   0,   0,   0],
 [  0,   0,   1,   1,   0,   0,   0,   0,   0,   0,   0,   0,   0,   0,
    0,   0,   0,   0,   0,   0,   0,   0,   0,   0,   0],
 [  1,   2,   0,   0,   1,   1,   0,   0,   0,   0,   0,   0,   0,   0,
    0,  15,   0,   0,   0,   0,   0,   0,   0,   0,   0],
 [  0,   0,   0,   0,   0,   0,   0,   0,   0,   0,   0,   0,   0,   0,
    0,   0,  11,   0,   0,   0,   0,   0,   0,   0,   0],
 [  0,   0,   0,   0,   0,   0,   0,   1,   0,   0,   0,   0,   0,   0,
    0,   0,   1,   0,   0,   0,   0,   0,   0,   0,   0],
 [  0,   0,   1,   0,   0,   0,   0,   0,   1,   0,   0,   0,   0,   0,
    0,   0,   0,   0,   2,   0,   0,   0,   0,   0,   0],
 [  0,   0,   0,   0,   0,   0,   1,   0,   0,   0,   0,   0,   0,   0,
    0,   0,   0,   0,   0,   3,   0,   0,   0,   0,   0],
 [  0,   0,   1,   0,   0,   0,   0,   0,   0,   0,   0,   0,   0,   0,
    0,   0,   0,   0,   0,   0,   0,   0,   0,   0,   0],
 [  0,   2,   0,   0,   0,   0,   0,   0,   0,   0,   0,   0,   0,   0,
    0,   0,   0,   0,   0,   0,   0,   0,   0,   0,   0],
 [  0,   0,   1,   0,   0,   0,   0,   0,   0,   0,   0,   0,   0,   0,
    0,   0,   0,   0,   0,   0,   0,   0,   0,   0,   0],
 [  0,   0,   0,   0,   0,   0,   0,   0,   0,   0,   0,   0,   0,   0,
    0,   1,   0,   0,   0,   0,   0,   0,   0,   0,   0],
 [  0,   0,   0,   0,   0,   0,   0,   0,   0,   0,   0,   0,   0,   0,
    0,   0,   1,   0,   0,   0,   0,   0,   0,   0,   1]]
6	0	0.8346	0.7681	0.8000	0.8239
6	1	0.7784	0.8483	0.8118	0.8239
6	2	0.7400	0.7475	0.7437	0.8239
6	3	0.8871	0.7534	0.8148	0.8239
6	4	0.9151	0.9463	0.9305	0.8239
6	5	0.8000	0.8571	0.8276	0.8239
6	6	0.6000	0.2727	0.3750	0.8239
6	7	0.9024	0.8605	0.8810	0.8239
6	8	0.9167	1.0000	0.9565	0.8239
6	9	0.4167	0.5000	0.4545	0.8239
6	10	0.8333	0.9375	0.8824	0.8239
6	11	0.8000	0.8571	0.8276	0.8239
6	12	0.6250	0.7143	0.6667	0.8239
6	13	1.0000	0.6667	0.8000	0.8239
6	14	0.0000	0.0000	0.0000	0.8239
6	15	0.6538	0.8500	0.7391	0.8239
6	16	0.8333	0.9091	0.8696	0.8239
6	17	0.0000	0.0000	0.0000	0.8239
6	18	1.0000	0.7500	0.8571	0.8239
6	19	1.0000	0.7500	0.8571	0.8239
6	20	0.0000	0.0000	0.0000	0.8239
6	21	0.0000	0.0000	0.0000	0.8239
6	22	0.0000	0.0000	0.0000	0.8239
6	23	0.0000	0.0000	0.0000	0.8239
6	24	1.0000	0.5000	0.6667	0.8239

Confusion Matrix for Seed 6:
[[106,  13,  14,   0,   0,   0,   0,   0,   0,   1,   1,   1,   0,   0,
    1,   1,   0,   0,   0,   0,   0,   0,   0,   0,   0],
 [  6, 151,   4,   1,  10,   0,   1,   1,   0,   1,   0,   1,   0,   0,
    0,   2,   0,   0,   0,   0,   0,   0,   0,   0,   0],
 [ 11,   5,  74,   0,   4,   0,   0,   0,   0,   0,   1,   0,   0,   0,
    0,   4,   0,   0,   0,   0,   0,   0,   0,   0,   0],
 [  2,   4,   2,  55,   1,   2,   1,   1,   1,   0,   0,   0,   1,   0,
    0,   0,   2,   1,   0,   0,   0,   0,   0,   0,   0],
 [  0,   7,   1,   1, 194,   0,   0,   0,   0,   2,   0,   0,   0,   0,
    0,   0,   0,   0,   0,   0,   0,   0,   0,   0,   0],
 [  0,   1,   0,   0,   0,  24,   0,   0,   0,   0,   0,   1,   2,   0,
    0,   0,   0,   0,   0,   0,   0,   0,   0,   0,   0],
 [  0,   4,   0,   1,   0,   3,   3,   0,   0,   0,   0,   0,   0,   0,
    0,   0,   0,   0,   0,   0,   0,   0,   0,   0,   0],
 [  0,   2,   0,   3,   0,   0,   0,  37,   0,   0,   0,   0,   0,   0,
    0,   1,   0,   0,   0,   0,   0,   0,   0,   0,   0],
 [  0,   0,   0,   0,   0,   0,   0,   0,  22,   0,   0,   0,   0,   0,
    0,   0,   0,   0,   0,   0,   0,   0,   0,   0,   0],
 [  0,   2,   0,   0,   2,   0,   0,   0,   0,   5,   1,   0,   0,   0,
    0,   0,   0,   0,   0,   0,   0,   0,   0,   0,   0],
 [  0,   0,   0,   0,   0,   0,   0,   0,   0,   0,  15,   0,   0,   0,
    0,   1,   0,   0,   0,   0,   0,   0,   0,   0,   0],
 [  2,   0,   0,   0,   0,   0,   0,   0,   0,   0,   0,  12,   0,   0,
    0,   0,   0,   0,   0,   0,   0,   0,   0,   0,   0],
 [  0,   0,   0,   0,   0,   1,   0,   1,   0,   0,   0,   0,   5,   0,
    0,   0,   0,   0,   0,   0,   0,   0,   0,   0,   0],
 [  0,   0,   1,   0,   0,   0,   0,   0,   0,   0,   0,   0,   0,   2,
    0,   0,   0,   0,   0,   0,   0,   0,   0,   0,   0],
 [  0,   2,   0,   0,   0,   0,   0,   0,   0,   0,   0,   0,   0,   0,
    0,   0,   0,   0,   0,   0,   0,   0,   0,   0,   0],
 [  0,   1,   1,   0,   1,   0,   0,   0,   0,   0,   0,   0,   0,   0,
    0,  17,   0,   0,   0,   0,   0,   0,   0,   0,   0],
 [  0,   1,   0,   0,   0,   0,   0,   0,   0,   0,   0,   0,   0,   0,
    0,   0,  10,   0,   0,   0,   0,   0,   0,   0,   0],
 [  0,   0,   0,   0,   0,   0,   0,   1,   1,   0,   0,   0,   0,   0,
    0,   0,   0,   0,   0,   0,   0,   0,   0,   0,   0],
 [  0,   0,   1,   0,   0,   0,   0,   0,   0,   0,   0,   0,   0,   0,
    0,   0,   0,   0,   3,   0,   0,   0,   0,   0,   0],
 [  0,   0,   0,   0,   0,   0,   0,   0,   0,   1,   0,   0,   0,   0,
    0,   0,   0,   0,   0,   3,   0,   0,   0,   0,   0],
 [  0,   0,   1,   0,   0,   0,   0,   0,   0,   0,   0,   0,   0,   0,
    0,   0,   0,   0,   0,   0,   0,   0,   0,   0,   0],
 [  0,   0,   0,   1,   0,   0,   0,   0,   0,   1,   0,   0,   0,   0,
    0,   0,   0,   0,   0,   0,   0,   0,   0,   0,   0],
 [  0,   0,   1,   0,   0,   0,   0,   0,   0,   0,   0,   0,   0,   0,
    0,   0,   0,   0,   0,   0,   0,   0,   0,   0,   0],
 [  0,   1,   0,   0,   0,   0,   0,   0,   0,   0,   0,   0,   0,   0,
    0,   0,   0,   0,   0,   0,   0,   0,   0,   0,   0],
 [  0,   0,   0,   0,   0,   0,   0,   0,   0,   1,   0,   0,   0,   0,
    0,   0,   0,   0,   0,   0,   0,   0,   0,   0,   1]]
8	0	0.7910	0.7681	0.7794	0.8149
8	1	0.8043	0.8315	0.8177	0.8149
8	2	0.7353	0.7576	0.7463	0.8149
8	3	0.8906	0.7808	0.8321	0.8149
8	4	0.9091	0.9268	0.9179	0.8149
8	5	0.8621	0.8929	0.8772	0.8149
8	6	0.5000	0.4545	0.4762	0.8149
8	7	0.7755	0.8837	0.8261	0.8149
8	8	0.9048	0.8636	0.8837	0.8149
8	9	0.5000	0.6000	0.5455	0.8149
8	10	0.8889	1.0000	0.9412	0.8149
8	11	0.9091	0.7143	0.8000	0.8149
8	12	0.6250	0.7143	0.6667	0.8149
8	13	0.7500	1.0000	0.8571	0.8149
8	14	0.5000	0.5000	0.5000	0.8149
8	15	0.6364	0.7000	0.6667	0.8149
8	16	0.9000	0.8182	0.8571	0.8149
8	17	0.0000	0.0000	0.0000	0.8149
8	18	0.5000	0.2500	0.3333	0.8149
8	19	1.0000	0.7500	0.8571	0.8149
8	20	0.0000	0.0000	0.0000	0.8149
8	21	0.0000	0.0000	0.0000	0.8149
8	22	0.0000	0.0000	0.0000	0.8149
8	23	0.0000	0.0000	0.0000	0.8149
8	24	0.0000	0.0000	0.0000	0.8149

Confusion Matrix for Seed 8:
[[106,   9,  13,   1,   1,   0,   3,   2,   0,   0,   0,   1,   0,   0,
    1,   1,   0,   0,   0,   0,   0,   0,   0,   0,   0],
 [ 11, 148,   3,   2,   6,   0,   0,   4,   0,   0,   0,   0,   1,   1,
    0,   2,   0,   0,   0,   0,   0,   0,   0,   0,   0],
 [  8,   2,  75,   0,   5,   0,   1,   3,   0,   4,   0,   0,   0,   0,
    0,   1,   0,   0,   0,   0,   0,   0,   0,   0,   0],
 [  6,   6,   0,  57,   0,   0,   0,   0,   1,   0,   1,   0,   0,   0,
    0,   2,   0,   0,   0,   0,   0,   0,   0,   0,   0],
 [  1,   8,   2,   1, 190,   1,   0,   1,   1,   0,   0,   0,   0,   0,
    0,   0,   0,   0,   0,   0,   0,   0,   0,   0,   0],
 [  0,   0,   1,   0,   0,  25,   0,   0,   0,   0,   0,   0,   2,   0,
    0,   0,   0,   0,   0,   0,   0,   0,   0,   0,   0],
 [  1,   2,   1,   0,   0,   0,   5,   0,   0,   0,   0,   0,   0,   0,
    0,   0,   0,   0,   0,   0,   0,   0,   0,   0,   2],
 [  0,   2,   1,   2,   0,   0,   0,  38,   0,   0,   0,   0,   0,   0,
    0,   0,   0,   0,   0,   0,   0,   0,   0,   0,   0],
 [  0,   1,   0,   0,   0,   0,   0,   0,  19,   0,   0,   0,   0,   0,
    0,   1,   0,   1,   0,   0,   0,   0,   0,   0,   0],
 [  0,   0,   0,   0,   4,   0,   0,   0,   0,   6,   0,   0,   0,   0,
    0,   0,   0,   0,   0,   0,   0,   0,   0,   0,   0],
 [  0,   0,   0,   0,   0,   0,   0,   0,   0,   0,  16,   0,   0,   0,
    0,   0,   0,   0,   0,   0,   0,   0,   0,   0,   0],
 [  0,   1,   2,   0,   1,   0,   0,   0,   0,   0,   0,  10,   0,   0,
    0,   0,   0,   0,   0,   0,   0,   0,   0,   0,   0],
 [  1,   0,   0,   0,   0,   0,   0,   1,   0,   0,   0,   0,   5,   0,
    0,   0,   0,   0,   0,   0,   0,   0,   0,   0,   0],
 [  0,   0,   0,   0,   0,   0,   0,   0,   0,   0,   0,   0,   0,   3,
    0,   0,   0,   0,   0,   0,   0,   0,   0,   0,   0],
 [  0,   0,   0,   1,   0,   0,   0,   0,   0,   0,   0,   0,   0,   0,
    1,   0,   0,   0,   0,   0,   0,   0,   0,   0,   0],
 [  0,   1,   1,   0,   1,   2,   0,   0,   0,   0,   0,   0,   0,   0,
    0,  14,   0,   0,   1,   0,   0,   0,   0,   0,   0],
 [  0,   0,   0,   0,   0,   0,   1,   0,   0,   0,   0,   0,   0,   0,
    0,   1,   9,   0,   0,   0,   0,   0,   0,   0,   0],
 [  0,   0,   0,   0,   1,   1,   0,   0,   0,   0,   0,   0,   0,   0,
    0,   0,   0,   0,   0,   0,   0,   0,   0,   0,   0],
 [  0,   1,   1,   0,   0,   0,   0,   0,   0,   0,   1,   0,   0,   0,
    0,   0,   0,   0,   1,   0,   0,   0,   0,   0,   0],
 [  0,   0,   0,   0,   0,   0,   0,   0,   0,   0,   0,   0,   0,   0,
    0,   0,   1,   0,   0,   3,   0,   0,   0,   0,   0],
 [  0,   0,   1,   0,   0,   0,   0,   0,   0,   0,   0,   0,   0,   0,
    0,   0,   0,   0,   0,   0,   0,   0,   0,   0,   0],
 [  0,   1,   0,   0,   0,   0,   0,   0,   0,   1,   0,   0,   0,   0,
    0,   0,   0,   0,   0,   0,   0,   0,   0,   0,   0],
 [  0,   0,   1,   0,   0,   0,   0,   0,   0,   0,   0,   0,   0,   0,
    0,   0,   0,   0,   0,   0,   0,   0,   0,   0,   0],
 [  0,   1,   0,   0,   0,   0,   0,   0,   0,   0,   0,   0,   0,   0,
    0,   0,   0,   0,   0,   0,   0,   0,   0,   0,   0],
 [  0,   1,   0,   0,   0,   0,   0,   0,   0,   1,   0,   0,   0,   0,
    0,   0,   0,   0,   0,   0,   0,   0,   0,   0,   0]]
10	0	0.8473	0.8043	0.8253	0.8283
10	1	0.8090	0.8090	0.8090	0.8283
10	2	0.7912	0.7273	0.7579	0.8283
10	3	0.9254	0.8493	0.8857	0.8283
10	4	0.9118	0.9073	0.9095	0.8283
10	5	0.9615	0.8929	0.9259	0.8283
10	6	0.5000	0.6364	0.5600	0.8283
10	7	0.7800	0.9070	0.8387	0.8283
10	8	0.8333	0.9091	0.8696	0.8283
10	9	0.6429	0.9000	0.7500	0.8283
10	10	0.8333	0.9375	0.8824	0.8283
10	11	1.0000	0.7143	0.8333	0.8283
10	12	0.5455	0.8571	0.6667	0.8283
10	13	0.5000	0.3333	0.4000	0.8283
10	14	0.3333	1.0000	0.5000	0.8283
10	15	0.6667	0.9000	0.7660	0.8283
10	16	0.6364	0.6364	0.6364	0.8283
10	17	0.3333	0.5000	0.4000	0.8283
10	18	0.6667	1.0000	0.8000	0.8283
10	19	1.0000	0.7500	0.8571	0.8283
10	20	0.0000	0.0000	0.0000	0.8283
10	21	0.0000	0.0000	0.0000	0.8283
10	22	0.0000	0.0000	0.0000	0.8283
10	23	0.0000	0.0000	0.0000	0.8283
10	24	1.0000	0.5000	0.6667	0.8283

Confusion Matrix for Seed 10:
[[111,   7,   8,   0,   3,   0,   3,   2,   0,   0,   1,   0,   0,   0,
    3,   0,   0,   0,   0,   0,   0,   0,   0,   0,   0],
 [  6, 144,   4,   2,   8,   0,   3,   3,   1,   0,   0,   0,   0,   1,
    1,   4,   0,   1,   0,   0,   0,   0,   0,   0,   0],
 [  8,   6,  72,   1,   2,   0,   1,   3,   0,   0,   2,   0,   1,   0,
    0,   1,   0,   0,   2,   0,   0,   0,   0,   0,   0],
 [  1,   5,   0,  62,   0,   0,   0,   2,   0,   0,   0,   0,   1,   0,
    0,   1,   0,   1,   0,   0,   0,   0,   0,   0,   0],
 [  0,   9,   6,   1, 186,   0,   0,   0,   0,   3,   0,   0,   0,   0,
    0,   0,   0,   0,   0,   0,   0,   0,   0,   0,   0],
 [  1,   0,   0,   0,   0,  25,   0,   0,   0,   0,   0,   0,   1,   0,
    0,   1,   0,   0,   0,   0,   0,   0,   0,   0,   0],
 [  0,   2,   0,   0,   0,   1,   7,   0,   0,   0,   0,   0,   0,   0,
    0,   0,   1,   0,   0,   0,   0,   0,   0,   0,   0],
 [  0,   0,   1,   1,   0,   0,   0,  39,   0,   0,   0,   0,   0,   0,
    0,   2,   0,   0,   0,   0,   0,   0,   0,   0,   0],
 [  0,   0,   0,   0,   2,   0,   0,   0,  20,   0,   0,   0,   0,   0,
    0,   0,   0,   0,   0,   0,   0,   0,   0,   0,   0],
 [  0,   0,   0,   0,   0,   0,   0,   0,   1,   9,   0,   0,   0,   0,
    0,   0,   0,   0,   0,   0,   0,   0,   0,   0,   0],
 [  0,   0,   0,   0,   0,   0,   0,   0,   0,   0,  15,   0,   0,   0,
    0,   0,   1,   0,   0,   0,   0,   0,   0,   0,   0],
 [  1,   0,   0,   0,   2,   0,   0,   0,   1,   0,   0,  10,   0,   0,
    0,   0,   0,   0,   0,   0,   0,   0,   0,   0,   0],
 [  0,   1,   0,   0,   0,   0,   0,   0,   0,   0,   0,   0,   6,   0,
    0,   0,   0,   0,   0,   0,   0,   0,   0,   0,   0],
 [  0,   0,   0,   0,   0,   0,   0,   0,   0,   1,   0,   0,   1,   1,
    0,   0,   0,   0,   0,   0,   0,   0,   0,   0,   0],
 [  0,   0,   0,   0,   0,   0,   0,   0,   0,   0,   0,   0,   0,   0,
    2,   0,   0,   0,   0,   0,   0,   0,   0,   0,   0],
 [  1,   0,   0,   0,   0,   0,   0,   1,   0,   0,   0,   0,   0,   0,
    0,  18,   0,   0,   0,   0,   0,   0,   0,   0,   0],
 [  2,   1,   0,   0,   0,   0,   0,   0,   0,   0,   0,   0,   1,   0,
    0,   0,   7,   0,   0,   0,   0,   0,   0,   0,   0],
 [  0,   0,   0,   0,   0,   0,   0,   0,   1,   0,   0,   0,   0,   0,
    0,   0,   0,   1,   0,   0,   0,   0,   0,   0,   0],
 [  0,   0,   0,   0,   0,   0,   0,   0,   0,   0,   0,   0,   0,   0,
    0,   0,   0,   0,   4,   0,   0,   0,   0,   0,   0],
 [  0,   0,   0,   0,   0,   0,   0,   0,   0,   0,   0,   0,   0,   0,
    0,   0,   1,   0,   0,   3,   0,   0,   0,   0,   0],
 [  0,   1,   0,   0,   0,   0,   0,   0,   0,   0,   0,   0,   0,   0,
    0,   0,   0,   0,   0,   0,   0,   0,   0,   0,   0],
 [  0,   1,   0,   0,   0,   0,   0,   0,   0,   1,   0,   0,   0,   0,
    0,   0,   0,   0,   0,   0,   0,   0,   0,   0,   0],
 [  0,   0,   0,   0,   1,   0,   0,   0,   0,   0,   0,   0,   0,   0,
    0,   0,   0,   0,   0,   0,   0,   0,   0,   0,   0],
 [  0,   1,   0,   0,   0,   0,   0,   0,   0,   0,   0,   0,   0,   0,
    0,   0,   0,   0,   0,   0,   0,   0,   0,   0,   0],
 [  0,   0,   0,   0,   0,   0,   0,   0,   0,   0,   0,   0,   0,   0,
    0,   0,   1,   0,   0,   0,   0,   0,   0,   0,   1]]
12	0	0.8188	0.8188	0.8188	0.8283
12	1	0.8218	0.8034	0.8125	0.8283
12	2	0.7802	0.7172	0.7474	0.8283
12	3	0.8333	0.8219	0.8276	0.8283
12	4	0.9052	0.9317	0.9183	0.8283
12	5	0.8889	0.8571	0.8727	0.8283
12	6	0.6429	0.8182	0.7200	0.8283
12	7	0.8043	0.8605	0.8315	0.8283
12	8	0.8400	0.9545	0.8936	0.8283
12	9	0.4706	0.8000	0.5926	0.8283
12	10	0.8667	0.8125	0.8387	0.8283
12	11	0.8333	0.7143	0.7692	0.8283
12	12	0.6667	0.8571	0.7500	0.8283
12	13	0.7500	1.0000	0.8571	0.8283
12	14	0.5000	0.5000	0.5000	0.8283
12	15	0.7391	0.8500	0.7907	0.8283
12	16	0.8889	0.7273	0.8000	0.8283
12	17	1.0000	0.5000	0.6667	0.8283
12	18	1.0000	0.5000	0.6667	0.8283
12	19	1.0000	1.0000	1.0000	0.8283
12	20	0.0000	0.0000	0.0000	0.8283
12	21	0.0000	0.0000	0.0000	0.8283
12	22	0.0000	0.0000	0.0000	0.8283
12	23	0.0000	0.0000	0.0000	0.8283
12	24	1.0000	0.5000	0.6667	0.8283

Confusion Matrix for Seed 12:
[[113,   9,   8,   2,   1,   0,   2,   0,   0,   1,   1,   1,   0,   0,
    0,   0,   0,   0,   0,   0,   0,   0,   0,   0,   0],
 [  7, 143,   3,   1,  11,   1,   1,   5,   1,   3,   0,   0,   0,   0,
    0,   2,   0,   0,   0,   0,   0,   0,   0,   0,   0],
 [  9,   4,  71,   3,   7,   0,   1,   2,   0,   1,   0,   0,   0,   0,
    0,   1,   0,   0,   0,   0,   0,   0,   0,   0,   0],
 [  4,   4,   0,  60,   0,   1,   0,   2,   1,   1,   0,   0,   0,   0,
    0,   0,   0,   0,   0,   0,   0,   0,   0,   0,   0],
 [  0,   7,   1,   3, 191,   0,   0,   0,   2,   0,   0,   1,   0,   0,
    0,   0,   0,   0,   0,   0,   0,   0,   0,   0,   0],
 [  0,   0,   0,   0,   0,  24,   0,   0,   0,   0,   0,   0,   2,   1,
    0,   1,   0,   0,   0,   0,   0,   0,   0,   0,   0],
 [  0,   2,   0,   0,   0,   0,   9,   0,   0,   0,   0,   0,   0,   0,
    0,   0,   0,   0,   0,   0,   0,   0,   0,   0,   0],
 [  0,   0,   2,   1,   0,   0,   0,  37,   0,   1,   0,   0,   0,   0,
    0,   2,   0,   0,   0,   0,   0,   0,   0,   0,   0],
 [  0,   1,   0,   0,   0,   0,   0,   0,  21,   0,   0,   0,   0,   0,
    0,   0,   0,   0,   0,   0,   0,   0,   0,   0,   0],
 [  0,   0,   0,   1,   0,   0,   0,   0,   0,   8,   0,   0,   1,   0,
    0,   0,   0,   0,   0,   0,   0,   0,   0,   0,   0],
 [  0,   1,   1,   0,   0,   0,   0,   0,   0,   1,  13,   0,   0,   0,
    0,   0,   0,   0,   0,   0,   0,   0,   0,   0,   0],
 [  3,   0,   1,   0,   0,   0,   0,   0,   0,   0,   0,  10,   0,   0,
    0,   0,   0,   0,   0,   0,   0,   0,   0,   0,   0],
 [  0,   0,   0,   0,   0,   1,   0,   0,   0,   0,   0,   0,   6,   0,
    0,   0,   0,   0,   0,   0,   0,   0,   0,   0,   0],
 [  0,   0,   0,   0,   0,   0,   0,   0,   0,   0,   0,   0,   0,   3,
    0,   0,   0,   0,   0,   0,   0,   0,   0,   0,   0],
 [  0,   1,   0,   0,   0,   0,   0,   0,   0,   0,   0,   0,   0,   0,
    1,   0,   0,   0,   0,   0,   0,   0,   0,   0,   0],
 [  1,   0,   2,   0,   0,   0,   0,   0,   0,   0,   0,   0,   0,   0,
    0,  17,   0,   0,   0,   0,   0,   0,   0,   0,   0],
 [  1,   0,   0,   1,   1,   0,   0,   0,   0,   0,   0,   0,   0,   0,
    0,   0,   8,   0,   0,   0,   0,   0,   0,   0,   0],
 [  0,   0,   0,   0,   0,   0,   0,   0,   0,   0,   0,   0,   0,   0,
    0,   0,   1,   1,   0,   0,   0,   0,   0,   0,   0],
 [  0,   0,   1,   0,   0,   0,   0,   0,   0,   0,   1,   0,   0,   0,
    0,   0,   0,   0,   2,   0,   0,   0,   0,   0,   0],
 [  0,   0,   0,   0,   0,   0,   0,   0,   0,   0,   0,   0,   0,   0,
    0,   0,   0,   0,   0,   4,   0,   0,   0,   0,   0],
 [  0,   0,   0,   0,   0,   0,   0,   0,   0,   0,   0,   0,   0,   0,
    1,   0,   0,   0,   0,   0,   0,   0,   0,   0,   0],
 [  0,   1,   0,   0,   0,   0,   0,   0,   0,   1,   0,   0,   0,   0,
    0,   0,   0,   0,   0,   0,   0,   0,   0,   0,   0],
 [  0,   0,   1,   0,   0,   0,   0,   0,   0,   0,   0,   0,   0,   0,
    0,   0,   0,   0,   0,   0,   0,   0,   0,   0,   0],
 [  0,   1,   0,   0,   0,   0,   0,   0,   0,   0,   0,   0,   0,   0,
    0,   0,   0,   0,   0,   0,   0,   0,   0,   0,   0],
 [  0,   0,   0,   0,   0,   0,   1,   0,   0,   0,   0,   0,   0,   0,
    0,   0,   0,   0,   0,   0,   0,   0,   0,   0,   1]]
14	0	0.8720	0.7899	0.8289	0.8384
14	1	0.8101	0.8146	0.8123	0.8384
14	2	0.7500	0.8182	0.7826	0.8384
14	3	0.8919	0.9041	0.8980	0.8384
14	4	0.9061	0.9415	0.9234	0.8384
14	5	0.9583	0.8214	0.8846	0.8384
14	6	0.6667	0.7273	0.6957	0.8384
14	7	0.9048	0.8837	0.8941	0.8384
14	8	0.9048	0.8636	0.8837	0.8384
14	9	0.6154	0.8000	0.6957	0.8384
14	10	0.8824	0.9375	0.9091	0.8384
14	11	0.8667	0.9286	0.8966	0.8384
14	12	0.5556	0.7143	0.6250	0.8384
14	13	0.4286	1.0000	0.6000	0.8384
14	14	0.0000	0.0000	0.0000	0.8384
14	15	0.7500	0.6000	0.6667	0.8384
14	16	0.8000	0.7273	0.7619	0.8384
14	17	0.1667	0.5000	0.2500	0.8384
14	18	1.0000	0.5000	0.6667	0.8384
14	19	1.0000	0.7500	0.8571	0.8384
14	20	0.0000	0.0000	0.0000	0.8384
14	21	0.0000	0.0000	0.0000	0.8384
14	22	0.0000	0.0000	0.0000	0.8384
14	23	0.0000	0.0000	0.0000	0.8384
14	24	0.0000	0.0000	0.0000	0.8384

Confusion Matrix for Seed 14:
[[109,  13,   8,   0,   2,   0,   3,   0,   0,   0,   0,   2,   0,   0,
    1,   0,   0,   0,   0,   0,   0,   0,   0,   0,   0],
 [  6, 145,   9,   4,   9,   0,   0,   2,   0,   1,   0,   0,   0,   1,
    0,   1,   0,   0,   0,   0,   0,   0,   0,   0,   0],
 [  5,   3,  81,   0,   3,   0,   1,   1,   0,   0,   0,   0,   1,   1,
    0,   2,   0,   1,   0,   0,   0,   0,   0,   0,   0],
 [  2,   2,   0,  66,   1,   0,   0,   0,   0,   0,   0,   0,   0,   1,
    0,   0,   1,   0,   0,   0,   0,   0,   0,   0,   0],
 [  0,   5,   3,   1, 193,   0,   0,   0,   0,   2,   0,   0,   0,   0,
    0,   0,   0,   1,   0,   0,   0,   0,   0,   0,   0],
 [  0,   0,   0,   0,   0,  23,   0,   0,   0,   0,   0,   0,   3,   1,
    0,   1,   0,   0,   0,   0,   0,   0,   0,   0,   0],
 [  0,   2,   0,   0,   0,   0,   8,   0,   0,   0,   0,   0,   0,   0,
    0,   0,   0,   1,   0,   0,   0,   0,   0,   0,   0],
 [  0,   0,   2,   1,   1,   0,   0,  38,   0,   1,   0,   0,   0,   0,
    0,   0,   0,   0,   0,   0,   0,   0,   0,   0,   0],
 [  0,   2,   0,   0,   1,   0,   0,   0,  19,   0,   0,   0,   0,   0,
    0,   0,   0,   0,   0,   0,   0,   0,   0,   0,   0],
 [  0,   1,   0,   0,   0,   0,   0,   0,   0,   8,   1,   0,   0,   0,
    0,   0,   0,   0,   0,   0,   0,   0,   0,   0,   0],
 [  0,   0,   0,   0,   0,   0,   0,   0,   1,   0,  15,   0,   0,   0,
    0,   0,   0,   0,   0,   0,   0,   0,   0,   0,   0],
 [  1,   0,   0,   0,   0,   0,   0,   0,   0,   0,   0,  13,   0,   0,
    0,   0,   0,   0,   0,   0,   0,   0,   0,   0,   0],
 [  0,   1,   1,   0,   0,   0,   0,   0,   0,   0,   0,   0,   5,   0,
    0,   0,   0,   0,   0,   0,   0,   0,   0,   0,   0],
 [  0,   0,   0,   0,   0,   0,   0,   0,   0,   0,   0,   0,   0,   3,
    0,   0,   0,   0,   0,   0,   0,   0,   0,   0,   0],
 [  0,   2,   0,   0,   0,   0,   0,   0,   0,   0,   0,   0,   0,   0,
    0,   0,   0,   0,   0,   0,   0,   0,   0,   0,   0],
 [  1,   1,   2,   0,   2,   1,   0,   1,   0,   0,   0,   0,   0,   0,
    0,  12,   0,   0,   0,   0,   0,   0,   0,   0,   0],
 [  1,   0,   0,   0,   0,   0,   0,   0,   0,   0,   0,   0,   0,   0,
    0,   0,   8,   2,   0,   0,   0,   0,   0,   0,   0],
 [  0,   0,   0,   0,   0,   0,   0,   0,   1,   0,   0,   0,   0,   0,
    0,   0,   0,   1,   0,   0,   0,   0,   0,   0,   0],
 [  0,   0,   1,   0,   0,   0,   0,   0,   0,   0,   1,   0,   0,   0,
    0,   0,   0,   0,   2,   0,   0,   0,   0,   0,   0],
 [  0,   0,   0,   0,   0,   0,   0,   0,   0,   1,   0,   0,   0,   0,
    0,   0,   0,   0,   0,   3,   0,   0,   0,   0,   0],
 [  0,   0,   1,   0,   0,   0,   0,   0,   0,   0,   0,   0,   0,   0,
    0,   0,   0,   0,   0,   0,   0,   0,   0,   0,   0],
 [  0,   1,   0,   1,   0,   0,   0,   0,   0,   0,   0,   0,   0,   0,
    0,   0,   0,   0,   0,   0,   0,   0,   0,   0,   0],
 [  0,   0,   0,   0,   1,   0,   0,   0,   0,   0,   0,   0,   0,   0,
    0,   0,   0,   0,   0,   0,   0,   0,   0,   0,   0],
 [  0,   1,   0,   0,   0,   0,   0,   0,   0,   0,   0,   0,   0,   0,
    0,   0,   0,   0,   0,   0,   0,   0,   0,   0,   0],
 [  0,   0,   0,   1,   0,   0,   0,   0,   0,   0,   0,   0,   0,   0,
    0,   0,   1,   0,   0,   0,   0,   0,   0,   0,   0]]
16	0	0.7907	0.7391	0.7640	0.8016
16	1	0.7543	0.7416	0.7479	0.8016
16	2	0.7037	0.7677	0.7343	0.8016
16	3	0.8261	0.7808	0.8028	0.8016
16	4	0.9227	0.9317	0.9272	0.8016
16	5	0.8065	0.8929	0.8475	0.8016
16	6	0.7500	0.5455	0.6316	0.8016
16	7	0.7959	0.9070	0.8478	0.8016
16	8	0.9167	1.0000	0.9565	0.8016
16	9	0.7000	0.7000	0.7000	0.8016
16	10	0.8667	0.8125	0.8387	0.8016
16	11	0.8462	0.7857	0.8148	0.8016
16	12	0.5714	0.5714	0.5714	0.8016
16	13	0.5000	0.3333	0.4000	0.8016
16	14	0.3333	0.5000	0.4000	0.8016
16	15	0.6400	0.8000	0.7111	0.8016
16	16	0.7143	0.9091	0.8000	0.8016
16	17	0.0000	0.0000	0.0000	0.8016
16	18	1.0000	0.5000	0.6667	0.8016
16	19	0.7500	0.7500	0.7500	0.8016
16	20	0.0000	0.0000	0.0000	0.8016
16	21	0.0000	0.0000	0.0000	0.8016
16	22	0.0000	0.0000	0.0000	0.8016
16	23	0.0000	0.0000	0.0000	0.8016
16	24	1.0000	0.5000	0.6667	0.8016

Confusion Matrix for Seed 16:
[[102,  13,  12,   2,   3,   0,   1,   0,   0,   0,   1,   2,   0,   0,
    0,   2,   0,   0,   0,   0,   0,   0,   0,   0,   0],
 [ 14, 132,   7,   3,   8,   1,   1,   6,   0,   0,   0,   0,   2,   0,
    1,   2,   1,   0,   0,   0,   0,   0,   0,   0,   0],
 [ 10,   4,  76,   2,   5,   0,   0,   1,   1,   0,   0,   0,   0,   0,
    0,   0,   0,   0,   0,   0,   0,   0,   0,   0,   0],
 [  1,   8,   3,  57,   0,   0,   0,   1,   0,   0,   0,   0,   0,   0,
    0,   2,   0,   1,   0,   0,   0,   0,   0,   0,   0],
 [  0,  10,   2,   2, 191,   0,   0,   0,   0,   0,   0,   0,   0,   0,
    0,   0,   0,   0,   0,   0,   0,   0,   0,   0,   0],
 [  0,   0,   1,   0,   0,  25,   0,   0,   0,   0,   0,   0,   0,   0,
    0,   1,   0,   0,   0,   1,   0,   0,   0,   0,   0],
 [  0,   2,   0,   0,   0,   2,   6,   0,   0,   0,   0,   0,   0,   0,
    0,   0,   1,   0,   0,   0,   0,   0,   0,   0,   0],
 [  0,   1,   2,   0,   0,   0,   0,  39,   0,   0,   0,   0,   0,   0,
    0,   1,   0,   0,   0,   0,   0,   0,   0,   0,   0],
 [  0,   0,   0,   0,   0,   0,   0,   0,  22,   0,   0,   0,   0,   0,
    0,   0,   0,   0,   0,   0,   0,   0,   0,   0,   0],
 [  0,   0,   1,   0,   0,   0,   0,   0,   0,   7,   1,   0,   1,   0,
    0,   0,   0,   0,   0,   0,   0,   0,   0,   0,   0],
 [  0,   1,   1,   0,   0,   0,   0,   0,   0,   0,  13,   0,   0,   0,
    0,   1,   0,   0,   0,   0,   0,   0,   0,   0,   0],
 [  0,   1,   0,   1,   0,   0,   0,   0,   0,   0,   0,  11,   0,   0,
    1,   0,   0,   0,   0,   0,   0,   0,   0,   0,   0],
 [  0,   0,   0,   0,   0,   2,   0,   1,   0,   0,   0,   0,   4,   0,
    0,   0,   0,   0,   0,   0,   0,   0,   0,   0,   0],
 [  1,   0,   0,   0,   0,   0,   0,   0,   0,   1,   0,   0,   0,   1,
    0,   0,   0,   0,   0,   0,   0,   0,   0,   0,   0],
 [  0,   0,   0,   1,   0,   0,   0,   0,   0,   0,   0,   0,   0,   0,
    1,   0,   0,   0,   0,   0,   0,   0,   0,   0,   0],
 [  0,   0,   1,   0,   0,   1,   0,   1,   1,   0,   0,   0,   0,   0,
    0,  16,   0,   0,   0,   0,   0,   0,   0,   0,   0],
 [  1,   0,   0,   0,   0,   0,   0,   0,   0,   0,   0,   0,   0,   0,
    0,   0,  10,   0,   0,   0,   0,   0,   0,   0,   0],
 [  0,   0,   0,   0,   0,   0,   0,   0,   0,   1,   0,   0,   0,   0,
    0,   0,   1,   0,   0,   0,   0,   0,   0,   0,   0],
 [  0,   1,   1,   0,   0,   0,   0,   0,   0,   0,   0,   0,   0,   0,
    0,   0,   0,   0,   2,   0,   0,   0,   0,   0,   0],
 [  0,   0,   0,   0,   0,   0,   0,   0,   0,   0,   0,   0,   0,   0,
    0,   0,   1,   0,   0,   3,   0,   0,   0,   0,   0],
 [  0,   0,   0,   0,   0,   0,   0,   0,   0,   0,   0,   0,   0,   1,
    0,   0,   0,   0,   0,   0,   0,   0,   0,   0,   0],
 [  0,   1,   0,   0,   0,   0,   0,   0,   0,   1,   0,   0,   0,   0,
    0,   0,   0,   0,   0,   0,   0,   0,   0,   0,   0],
 [  0,   0,   1,   0,   0,   0,   0,   0,   0,   0,   0,   0,   0,   0,
    0,   0,   0,   0,   0,   0,   0,   0,   0,   0,   0],
 [  0,   1,   0,   0,   0,   0,   0,   0,   0,   0,   0,   0,   0,   0,
    0,   0,   0,   0,   0,   0,   0,   0,   0,   0,   0],
 [  0,   0,   0,   1,   0,   0,   0,   0,   0,   0,   0,   0,   0,   0,
    0,   0,   0,   0,   0,   0,   0,   0,   0,   0,   1]]
18	0	0.8043	0.8043	0.8043	0.8183
18	1	0.8034	0.8034	0.8034	0.8183
18	2	0.6607	0.7475	0.7014	0.8183
18	3	0.8955	0.8219	0.8571	0.8183
18	4	0.9043	0.9220	0.9130	0.8183
18	5	0.7931	0.8214	0.8070	0.8183
18	6	0.7778	0.6364	0.7000	0.8183
18	7	0.9111	0.9535	0.9318	0.8183
18	8	0.9524	0.9091	0.9302	0.8183
18	9	0.6364	0.7000	0.6667	0.8183
18	10	1.0000	0.8125	0.8966	0.8183
18	11	0.8571	0.8571	0.8571	0.8183
18	12	0.6667	0.5714	0.6154	0.8183
18	13	1.0000	0.3333	0.5000	0.8183
18	14	0.3333	0.5000	0.4000	0.8183
18	15	0.5600	0.7000	0.6222	0.8183
18	16	0.9000	0.8182	0.8571	0.8183
18	17	0.0000	0.0000	0.0000	0.8183
18	18	1.0000	0.5000	0.6667	0.8183
18	19	0.7500	0.7500	0.7500	0.8183
18	20	0.0000	0.0000	0.0000	0.8183
18	21	0.0000	0.0000	0.0000	0.8183
18	22	0.0000	0.0000	0.0000	0.8183
18	23	0.0000	0.0000	0.0000	0.8183
18	24	0.0000	0.0000	0.0000	0.8183

Confusion Matrix for Seed 18:
[[111,   9,  12,   1,   1,   0,   0,   0,   1,   1,   0,   1,   1,   0,
    0,   0,   0,   0,   0,   0,   0,   0,   0,   0,   0],
 [  9, 143,  13,   1,   6,   2,   0,   1,   0,   0,   0,   0,   0,   0,
    2,   1,   0,   0,   0,   0,   0,   0,   0,   0,   0],
 [  8,   6,  74,   1,   5,   0,   1,   1,   0,   0,   0,   0,   0,   0,
    0,   3,   0,   0,   0,   0,   0,   0,   0,   0,   0],
 [  4,   4,   1,  60,   3,   0,   0,   0,   0,   0,   0,   0,   1,   0,
    0,   0,   0,   0,   0,   0,   0,   0,   0,   0,   0],
 [  1,   6,   5,   1, 189,   1,   0,   0,   0,   0,   0,   0,   0,   0,
    0,   2,   0,   0,   0,   0,   0,   0,   0,   0,   0],
 [  0,   0,   0,   3,   0,  23,   0,   0,   0,   0,   0,   1,   0,   0,
    0,   1,   0,   0,   0,   0,   0,   0,   0,   0,   0],
 [  0,   2,   1,   0,   0,   1,   7,   0,   0,   0,   0,   0,   0,   0,
    0,   0,   0,   0,   0,   0,   0,   0,   0,   0,   0],
 [  0,   2,   0,   0,   0,   0,   0,  41,   0,   0,   0,   0,   0,   0,
    0,   0,   0,   0,   0,   0,   0,   0,   0,   0,   0],
 [  0,   0,   0,   0,   0,   0,   0,   0,  20,   1,   0,   0,   0,   0,
    0,   1,   0,   0,   0,   0,   0,   0,   0,   0,   0],
 [  0,   1,   0,   0,   2,   0,   0,   0,   0,   7,   0,   0,   0,   0,
    0,   0,   0,   0,   0,   0,   0,   0,   0,   0,   0],
 [  1,   0,   0,   0,   0,   0,   0,   0,   0,   0,  13,   0,   0,   0,
    0,   2,   0,   0,   0,   0,   0,   0,   0,   0,   0],
 [  2,   0,   0,   0,   0,   0,   0,   0,   0,   0,   0,  12,   0,   0,
    0,   0,   0,   0,   0,   0,   0,   0,   0,   0,   0],
 [  0,   1,   1,   0,   0,   1,   0,   0,   0,   0,   0,   0,   4,   0,
    0,   0,   0,   0,   0,   0,   0,   0,   0,   0,   0],
 [  0,   0,   1,   0,   0,   0,   0,   0,   0,   0,   0,   0,   0,   1,
    0,   1,   0,   0,   0,   0,   0,   0,   0,   0,   0],
 [  1,   0,   0,   0,   0,   0,   0,   0,   0,   0,   0,   0,   0,   0,
    1,   0,   0,   0,   0,   0,   0,   0,   0,   0,   0],
 [  1,   0,   1,   0,   2,   1,   0,   1,   0,   0,   0,   0,   0,   0,
    0,  14,   0,   0,   0,   0,   0,   0,   0,   0,   0],
 [  0,   0,   0,   0,   1,   0,   1,   0,   0,   0,   0,   0,   0,   0,
    0,   0,   9,   0,   0,   0,   0,   0,   0,   0,   0],
 [  0,   0,   0,   0,   0,   0,   0,   1,   0,   0,   0,   0,   0,   0,
    0,   0,   1,   0,   0,   0,   0,   0,   0,   0,   0],
 [  0,   0,   2,   0,   0,   0,   0,   0,   0,   0,   0,   0,   0,   0,
    0,   0,   0,   0,   2,   0,   0,   0,   0,   0,   0],
 [  0,   0,   0,   0,   0,   0,   0,   0,   0,   1,   0,   0,   0,   0,
    0,   0,   0,   0,   0,   3,   0,   0,   0,   0,   0],
 [  0,   1,   0,   0,   0,   0,   0,   0,   0,   0,   0,   0,   0,   0,
    0,   0,   0,   0,   0,   0,   0,   0,   0,   0,   0],
 [  0,   1,   0,   0,   0,   0,   0,   0,   0,   1,   0,   0,   0,   0,
    0,   0,   0,   0,   0,   0,   0,   0,   0,   0,   0],
 [  0,   0,   1,   0,   0,   0,   0,   0,   0,   0,   0,   0,   0,   0,
    0,   0,   0,   0,   0,   0,   0,   0,   0,   0,   0],
 [  0,   1,   0,   0,   0,   0,   0,   0,   0,   0,   0,   0,   0,   0,
    0,   0,   0,   0,   0,   0,   0,   0,   0,   0,   0],
 [  0,   1,   0,   0,   0,   0,   0,   0,   0,   0,   0,   0,   0,   0,
    0,   0,   0,   0,   0,   1,   0,   0,   0,   0,   0]]
20	0	0.8417	0.8478	0.8448	0.8239
20	1	0.8480	0.8146	0.8309	0.8239
20	2	0.7292	0.7071	0.7179	0.8239
20	3	0.8356	0.8356	0.8356	0.8239
20	4	0.9100	0.9366	0.9231	0.8239
20	5	0.8800	0.7857	0.8302	0.8239
20	6	0.6429	0.8182	0.7200	0.8239
20	7	0.7826	0.8372	0.8090	0.8239
20	8	0.9048	0.8636	0.8837	0.8239
20	9	0.4706	0.8000	0.5926	0.8239
20	10	0.8125	0.8125	0.8125	0.8239
20	11	0.9167	0.7857	0.8462	0.8239
20	12	0.3333	0.2857	0.3077	0.8239
20	13	0.5000	0.3333	0.4000	0.8239
20	14	0.3333	0.5000	0.4000	0.8239
20	15	0.5600	0.7000	0.6222	0.8239
20	16	1.0000	0.8182	0.9000	0.8239
20	17	0.5000	0.5000	0.5000	0.8239
20	18	1.0000	0.7500	0.8571	0.8239
20	19	0.8000	1.0000	0.8889	0.8239
20	20	0.0000	0.0000	0.0000	0.8239
20	21	0.0000	0.0000	0.0000	0.8239
20	22	0.0000	0.0000	0.0000	0.8239
20	23	0.0000	0.0000	0.0000	0.8239
20	24	1.0000	0.5000	0.6667	0.8239

Confusion Matrix for Seed 20:
[[117,   7,   8,   2,   0,   0,   0,   0,   0,   1,   1,   0,   0,   0,
    0,   2,   0,   0,   0,   0,   0,   0,   0,   0,   0],
 [  4, 145,   6,   1,  11,   0,   3,   3,   0,   1,   0,   0,   1,   0,
    2,   1,   0,   0,   0,   0,   0,   0,   0,   0,   0],
 [ 10,   4,  70,   1,   5,   0,   0,   2,   0,   2,   0,   1,   0,   1,
    0,   3,   0,   0,   0,   0,   0,   0,   0,   0,   0],
 [  3,   5,   0,  61,   0,   0,   1,   1,   0,   0,   1,   0,   1,   0,
    0,   0,   0,   0,   0,   0,   0,   0,   0,   0,   0],
 [  0,   3,   3,   2, 192,   0,   0,   1,   0,   3,   0,   0,   0,   0,
    0,   0,   0,   1,   0,   0,   0,   0,   0,   0,   0],
 [  1,   1,   0,   1,   0,  22,   0,   0,   0,   0,   0,   0,   1,   0,
    0,   2,   0,   0,   0,   0,   0,   0,   0,   0,   0],
 [  0,   1,   0,   0,   0,   1,   9,   0,   0,   0,   0,   0,   0,   0,
    0,   0,   0,   0,   0,   0,   0,   0,   0,   0,   0],
 [  0,   0,   1,   3,   0,   0,   0,  36,   0,   1,   0,   0,   0,   0,
    0,   2,   0,   0,   0,   0,   0,   0,   0,   0,   0],
 [  0,   1,   1,   0,   1,   0,   0,   0,  19,   0,   0,   0,   0,   0,
    0,   0,   0,   0,   0,   0,   0,   0,   0,   0,   0],
 [  0,   0,   1,   0,   0,   0,   0,   1,   0,   8,   0,   0,   0,   0,
    0,   0,   0,   0,   0,   0,   0,   0,   0,   0,   0],
 [  0,   0,   0,   0,   1,   0,   0,   1,   0,   0,  13,   0,   1,   0,
    0,   0,   0,   0,   0,   0,   0,   0,   0,   0,   0],
 [  1,   0,   1,   0,   0,   0,   0,   1,   0,   0,   0,  11,   0,   0,
    0,   0,   0,   0,   0,   0,   0,   0,   0,   0,   0],
 [  1,   0,   1,   0,   0,   1,   1,   0,   0,   0,   0,   0,   2,   0,
    0,   1,   0,   0,   0,   0,   0,   0,   0,   0,   0],
 [  0,   1,   0,   1,   0,   0,   0,   0,   0,   0,   0,   0,   0,   1,
    0,   0,   0,   0,   0,   0,   0,   0,   0,   0,   0],
 [  0,   0,   0,   1,   0,   0,   0,   0,   0,   0,   0,   0,   0,   0,
    1,   0,   0,   0,   0,   0,   0,   0,   0,   0,   0],
 [  1,   0,   2,   0,   1,   1,   0,   0,   1,   0,   0,   0,   0,   0,
    0,  14,   0,   0,   0,   0,   0,   0,   0,   0,   0],
 [  1,   1,   0,   0,   0,   0,   0,   0,   0,   0,   0,   0,   0,   0,
    0,   0,   9,   0,   0,   0,   0,   0,   0,   0,   0],
 [  0,   0,   0,   0,   0,   0,   0,   0,   1,   0,   0,   0,   0,   0,
    0,   0,   0,   1,   0,   0,   0,   0,   0,   0,   0],
 [  0,   0,   0,   0,   0,   0,   0,   0,   0,   0,   1,   0,   0,   0,
    0,   0,   0,   0,   3,   0,   0,   0,   0,   0,   0],
 [  0,   0,   0,   0,   0,   0,   0,   0,   0,   0,   0,   0,   0,   0,
    0,   0,   0,   0,   0,   4,   0,   0,   0,   0,   0],
 [  0,   0,   1,   0,   0,   0,   0,   0,   0,   0,   0,   0,   0,   0,
    0,   0,   0,   0,   0,   0,   0,   0,   0,   0,   0],
 [  0,   1,   0,   0,   0,   0,   0,   0,   0,   1,   0,   0,   0,   0,
    0,   0,   0,   0,   0,   0,   0,   0,   0,   0,   0],
 [  0,   0,   1,   0,   0,   0,   0,   0,   0,   0,   0,   0,   0,   0,
    0,   0,   0,   0,   0,   0,   0,   0,   0,   0,   0],
 [  0,   1,   0,   0,   0,   0,   0,   0,   0,   0,   0,   0,   0,   0,
    0,   0,   0,   0,   0,   0,   0,   0,   0,   0,   0],
 [  0,   0,   0,   0,   0,   0,   0,   0,   0,   0,   0,   0,   0,   0,
    0,   0,   0,   0,   0,   1,   0,   0,   0,   0,   1]]
22	0	0.8409	0.8043	0.8222	0.8216
22	1	0.7947	0.8483	0.8207	0.8216
22	2	0.7600	0.7677	0.7638	0.8216
22	3	0.8592	0.8356	0.8472	0.8216
22	4	0.9296	0.9024	0.9158	0.8216
22	5	0.9130	0.7500	0.8235	0.8216
22	6	0.5000	0.6364	0.5600	0.8216
22	7	0.9250	0.8605	0.8916	0.8216
22	8	0.9130	0.9545	0.9333	0.8216
22	9	0.4286	0.6000	0.5000	0.8216
22	10	0.9286	0.8125	0.8667	0.8216
22	11	0.7333	0.7857	0.7586	0.8216
22	12	0.8333	0.7143	0.7692	0.8216
22	13	0.0000	0.0000	0.0000	0.8216
22	14	0.0000	0.0000	0.0000	0.8216
22	15	0.5000	0.7500	0.6000	0.8216
22	16	0.7143	0.9091	0.8000	0.8216
22	17	0.0000	0.0000	0.0000	0.8216
22	18	0.7500	0.7500	0.7500	0.8216
22	19	0.8000	1.0000	0.8889	0.8216
22	20	0.0000	0.0000	0.0000	0.8216
22	21	0.0000	0.0000	0.0000	0.8216
22	22	0.0000	0.0000	0.0000	0.8216
22	23	0.0000	0.0000	0.0000	0.8216
22	24	0.0000	0.0000	0.0000	0.8216

Confusion Matrix for Seed 22:
[[111,  13,   6,   2,   0,   0,   2,   0,   0,   1,   0,   2,   0,   0,
    0,   1,   0,   0,   0,   0,   0,   0,   0,   0,   0],
 [  8, 151,   6,   1,   6,   0,   2,   0,   1,   0,   0,   0,   0,   0,
    0,   3,   0,   0,   0,   0,   0,   0,   0,   0,   0],
 [  7,   4,  76,   2,   3,   1,   0,   2,   0,   0,   1,   0,   0,   1,
    0,   2,   0,   0,   0,   0,   0,   0,   0,   0,   0],
 [  3,   6,   0,  61,   0,   0,   1,   0,   0,   0,   0,   0,   0,   0,
    0,   0,   2,   0,   0,   0,   0,   0,   0,   0,   0],
 [  1,   5,   4,   1, 185,   0,   0,   0,   0,   2,   0,   0,   0,   0,
    0,   7,   0,   0,   0,   0,   0,   0,   0,   0,   0],
 [  0,   0,   1,   1,   0,  21,   2,   0,   0,   0,   0,   1,   0,   0,
    0,   1,   0,   0,   0,   1,   0,   0,   0,   0,   0],
 [  0,   0,   1,   0,   0,   0,   7,   0,   0,   0,   0,   0,   0,   0,
    0,   0,   1,   0,   0,   0,   0,   0,   0,   0,   2],
 [  0,   3,   1,   0,   0,   0,   0,  37,   0,   0,   0,   1,   0,   0,
    0,   1,   0,   0,   0,   0,   0,   0,   0,   0,   0],
 [  0,   1,   0,   0,   0,   0,   0,   0,  21,   0,   0,   0,   0,   0,
    0,   0,   0,   0,   0,   0,   0,   0,   0,   0,   0],
 [  0,   0,   0,   0,   3,   0,   0,   0,   1,   6,   0,   0,   0,   0,
    0,   0,   0,   0,   0,   0,   0,   0,   0,   0,   0],
 [  1,   1,   0,   0,   0,   0,   0,   0,   0,   0,  13,   0,   0,   0,
    0,   0,   0,   0,   1,   0,   0,   0,   0,   0,   0],
 [  0,   0,   1,   0,   1,   0,   0,   0,   0,   0,   0,  11,   0,   0,
    0,   0,   1,   0,   0,   0,   0,   0,   0,   0,   0],
 [  1,   0,   0,   0,   0,   1,   0,   0,   0,   0,   0,   0,   5,   0,
    0,   0,   0,   0,   0,   0,   0,   0,   0,   0,   0],
 [  0,   0,   0,   0,   0,   0,   0,   0,   0,   3,   0,   0,   0,   0,
    0,   0,   0,   0,   0,   0,   0,   0,   0,   0,   0],
 [  0,   0,   1,   1,   0,   0,   0,   0,   0,   0,   0,   0,   0,   0,
    0,   0,   0,   0,   0,   0,   0,   0,   0,   0,   0],
 [  0,   4,   0,   0,   0,   0,   0,   1,   0,   0,   0,   0,   0,   0,
    0,  15,   0,   0,   0,   0,   0,   0,   0,   0,   0],
 [  0,   0,   0,   1,   0,   0,   0,   0,   0,   0,   0,   0,   0,   0,
    0,   0,  10,   0,   0,   0,   0,   0,   0,   0,   0],
 [  0,   1,   0,   0,   1,   0,   0,   0,   0,   0,   0,   0,   0,   0,
    0,   0,   0,   0,   0,   0,   0,   0,   0,   0,   0],
 [  0,   0,   1,   0,   0,   0,   0,   0,   0,   0,   0,   0,   0,   0,
    0,   0,   0,   0,   3,   0,   0,   0,   0,   0,   0],
 [  0,   0,   0,   0,   0,   0,   0,   0,   0,   0,   0,   0,   0,   0,
    0,   0,   0,   0,   0,   4,   0,   0,   0,   0,   0],
 [  0,   0,   1,   0,   0,   0,   0,   0,   0,   0,   0,   0,   0,   0,
    0,   0,   0,   0,   0,   0,   0,   0,   0,   0,   0],
 [  0,   0,   0,   1,   0,   0,   0,   0,   0,   1,   0,   0,   0,   0,
    0,   0,   0,   0,   0,   0,   0,   0,   0,   0,   0],
 [  0,   0,   1,   0,   0,   0,   0,   0,   0,   0,   0,   0,   0,   0,
    0,   0,   0,   0,   0,   0,   0,   0,   0,   0,   0],
 [  0,   1,   0,   0,   0,   0,   0,   0,   0,   0,   0,   0,   0,   0,
    0,   0,   0,   0,   0,   0,   0,   0,   0,   0,   0],
 [  0,   0,   0,   0,   0,   0,   0,   0,   0,   1,   0,   0,   1,   0,
    0,   0,   0,   0,   0,   0,   0,   0,   0,   0,   0]]
24	0	0.7600	0.8261	0.7917	0.8027
24	1	0.7701	0.7528	0.7614	0.8027
24	2	0.7474	0.7172	0.7320	0.8027
24	3	0.9242	0.8356	0.8777	0.8027
24	4	0.9343	0.9024	0.9181	0.8027
24	5	0.7742	0.8571	0.8136	0.8027
24	6	0.5455	0.5455	0.5455	0.8027
24	7	0.7955	0.8140	0.8046	0.8027
24	8	0.9167	1.0000	0.9565	0.8027
24	9	0.3889	0.7000	0.5000	0.8027
24	10	1.0000	0.8750	0.9333	0.8027
24	11	0.5714	0.5714	0.5714	0.8027
24	12	0.5000	0.5714	0.5333	0.8027
24	13	0.5000	0.3333	0.4000	0.8027
24	14	1.0000	0.5000	0.6667	0.8027
24	15	0.6400	0.8000	0.7111	0.8027
24	16	0.9167	1.0000	0.9565	0.8027
24	17	0.0000	0.0000	0.0000	0.8027
24	18	0.3333	0.5000	0.4000	0.8027
24	19	1.0000	1.0000	1.0000	0.8027
24	20	0.0000	0.0000	0.0000	0.8027
24	21	0.0000	0.0000	0.0000	0.8027
24	22	0.0000	0.0000	0.0000	0.8027
24	23	0.0000	0.0000	0.0000	0.8027
24	24	0.0000	0.0000	0.0000	0.8027

Confusion Matrix for Seed 24:
[[114,  10,   6,   0,   2,   0,   2,   0,   0,   0,   0,   2,   0,   0,
    0,   0,   1,   0,   1,   0,   0,   0,   0,   0,   0],
 [ 10, 134,  10,   2,   6,   1,   3,   5,   1,   2,   0,   0,   1,   0,
    0,   3,   0,   0,   0,   0,   0,   0,   0,   0,   0],
 [ 12,   7,  71,   1,   2,   0,   0,   2,   0,   0,   0,   0,   0,   0,
    0,   4,   0,   0,   0,   0,   0,   0,   0,   0,   0],
 [  4,   2,   1,  61,   0,   0,   0,   0,   1,   1,   0,   1,   0,   0,
    0,   0,   0,   0,   2,   0,   0,   0,   0,   0,   0],
 [  1,  12,   1,   1, 185,   1,   0,   0,   0,   1,   0,   2,   0,   0,
    0,   1,   0,   0,   0,   0,   0,   0,   0,   0,   0],
 [  1,   0,   0,   0,   0,  24,   0,   0,   0,   1,   0,   1,   0,   0,
    0,   1,   0,   0,   0,   0,   0,   0,   0,   0,   0],
 [  1,   1,   0,   0,   0,   3,   6,   0,   0,   0,   0,   0,   0,   0,
    0,   0,   0,   0,   0,   0,   0,   0,   0,   0,   0],
 [  1,   1,   2,   0,   1,   0,   0,  35,   0,   2,   0,   0,   0,   0,
    0,   0,   0,   0,   1,   0,   0,   0,   0,   0,   0],
 [  0,   0,   0,   0,   0,   0,   0,   0,  22,   0,   0,   0,   0,   0,
    0,   0,   0,   0,   0,   0,   0,   0,   0,   0,   0],
 [  0,   0,   0,   0,   0,   0,   0,   0,   0,   7,   0,   0,   2,   1,
    0,   0,   0,   0,   0,   0,   0,   0,   0,   0,   0],
 [  0,   2,   0,   0,   0,   0,   0,   0,   0,   0,  14,   0,   0,   0,
    0,   0,   0,   0,   0,   0,   0,   0,   0,   0,   0],
 [  3,   1,   0,   1,   1,   0,   0,   0,   0,   0,   0,   8,   0,   0,
    0,   0,   0,   0,   0,   0,   0,   0,   0,   0,   0],
 [  0,   0,   1,   0,   0,   2,   0,   0,   0,   0,   0,   0,   4,   0,
    0,   0,   0,   0,   0,   0,   0,   0,   0,   0,   0],
 [  0,   0,   1,   0,   0,   0,   0,   0,   0,   1,   0,   0,   0,   1,
    0,   0,   0,   0,   0,   0,   0,   0,   0,   0,   0],
 [  1,   0,   0,   0,   0,   0,   0,   0,   0,   0,   0,   0,   0,   0,
    1,   0,   0,   0,   0,   0,   0,   0,   0,   0,   0],
 [  0,   1,   1,   0,   0,   0,   0,   2,   0,   0,   0,   0,   0,   0,
    0,  16,   0,   0,   0,   0,   0,   0,   0,   0,   0],
 [  0,   0,   0,   0,   0,   0,   0,   0,   0,   0,   0,   0,   0,   0,
    0,   0,  11,   0,   0,   0,   0,   0,   0,   0,   0],
 [  0,   0,   0,   0,   0,   0,   0,   0,   0,   1,   0,   0,   1,   0,
    0,   0,   0,   0,   0,   0,   0,   0,   0,   0,   0],
 [  0,   1,   1,   0,   0,   0,   0,   0,   0,   0,   0,   0,   0,   0,
    0,   0,   0,   0,   2,   0,   0,   0,   0,   0,   0],
 [  0,   0,   0,   0,   0,   0,   0,   0,   0,   0,   0,   0,   0,   0,
    0,   0,   0,   0,   0,   4,   0,   0,   0,   0,   0],
 [  0,   1,   0,   0,   0,   0,   0,   0,   0,   0,   0,   0,   0,   0,
    0,   0,   0,   0,   0,   0,   0,   0,   0,   0,   0],
 [  0,   1,   0,   0,   0,   0,   0,   0,   0,   1,   0,   0,   0,   0,
    0,   0,   0,   0,   0,   0,   0,   0,   0,   0,   0],
 [  0,   0,   0,   0,   1,   0,   0,   0,   0,   0,   0,   0,   0,   0,
    0,   0,   0,   0,   0,   0,   0,   0,   0,   0,   0],
 [  1,   0,   0,   0,   0,   0,   0,   0,   0,   0,   0,   0,   0,   0,
    0,   0,   0,   0,   0,   0,   0,   0,   0,   0,   0],
 [  1,   0,   0,   0,   0,   0,   0,   0,   0,   1,   0,   0,   0,   0,
    0,   0,   0,   0,   0,   0,   0,   0,   0,   0,   0]]
26	0	0.8129	0.8188	0.8159	0.8339
26	1	0.8571	0.8427	0.8499	0.8339
26	2	0.7812	0.7576	0.7692	0.8339
26	3	0.8356	0.8356	0.8356	0.8339
26	4	0.9143	0.9366	0.9253	0.8339
26	5	0.8148	0.7857	0.8000	0.8339
26	6	0.7000	0.6364	0.6667	0.8339
26	7	0.8636	0.8837	0.8736	0.8339
26	8	0.7778	0.9545	0.8571	0.8339
26	9	0.6667	0.8000	0.7273	0.8339
26	10	0.7857	0.6875	0.7333	0.8339
26	11	0.8000	0.8571	0.8276	0.8339
26	12	0.7143	0.7143	0.7143	0.8339
26	13	1.0000	0.3333	0.5000	0.8339
26	14	0.0000	0.0000	0.0000	0.8339
26	15	0.5385	0.7000	0.6087	0.8339
26	16	0.8333	0.9091	0.8696	0.8339
26	17	0.0000	0.0000	0.0000	0.8339
26	18	1.0000	0.7500	0.8571	0.8339
26	19	1.0000	1.0000	1.0000	0.8339
26	20	0.0000	0.0000	0.0000	0.8339
26	21	0.0000	0.0000	0.0000	0.8339
26	22	0.0000	0.0000	0.0000	0.8339
26	23	0.0000	0.0000	0.0000	0.8339
26	24	1.0000	0.5000	0.6667	0.8339

Confusion Matrix for Seed 26:
[[113,  10,   6,   1,   1,   0,   2,   0,   1,   0,   0,   2,   0,   0,
    1,   1,   0,   0,   0,   0,   0,   0,   0,   0,   0],
 [  7, 150,   3,   4,  10,   1,   0,   0,   0,   0,   0,   0,   0,   0,
    0,   3,   0,   0,   0,   0,   0,   0,   0,   0,   0],
 [ 12,   4,  75,   1,   2,   0,   1,   1,   0,   0,   2,   0,   0,   0,
    0,   0,   1,   0,   0,   0,   0,   0,   0,   0,   0],
 [  3,   1,   1,  61,   1,   0,   0,   2,   2,   0,   0,   0,   0,   0,
    0,   2,   0,   0,   0,   0,   0,   0,   0,   0,   0],
 [  0,   5,   2,   1, 192,   0,   0,   0,   2,   2,   1,   0,   0,   0,
    0,   0,   0,   0,   0,   0,   0,   0,   0,   0,   0],
 [  0,   0,   0,   0,   0,  22,   0,   0,   0,   0,   0,   0,   2,   0,
    0,   4,   0,   0,   0,   0,   0,   0,   0,   0,   0],
 [  0,   2,   0,   0,   0,   2,   7,   0,   0,   0,   0,   0,   0,   0,
    0,   0,   0,   0,   0,   0,   0,   0,   0,   0,   0],
 [  0,   1,   2,   0,   0,   0,   0,  38,   0,   0,   0,   0,   0,   0,
    0,   2,   0,   0,   0,   0,   0,   0,   0,   0,   0],
 [  0,   0,   1,   0,   0,   0,   0,   0,  21,   0,   0,   0,   0,   0,
    0,   0,   0,   0,   0,   0,   0,   0,   0,   0,   0],
 [  0,   0,   0,   1,   1,   0,   0,   0,   0,   8,   0,   0,   0,   0,
    0,   0,   0,   0,   0,   0,   0,   0,   0,   0,   0],
 [  0,   0,   1,   0,   1,   0,   0,   2,   0,   0,  11,   0,   0,   0,
    0,   0,   1,   0,   0,   0,   0,   0,   0,   0,   0],
 [  2,   0,   0,   0,   0,   0,   0,   0,   0,   0,   0,  12,   0,   0,
    0,   0,   0,   0,   0,   0,   0,   0,   0,   0,   0],
 [  0,   0,   0,   0,   0,   2,   0,   0,   0,   0,   0,   0,   5,   0,
    0,   0,   0,   0,   0,   0,   0,   0,   0,   0,   0],
 [  0,   1,   0,   0,   0,   0,   0,   0,   0,   1,   0,   0,   0,   1,
    0,   0,   0,   0,   0,   0,   0,   0,   0,   0,   0],
 [  1,   0,   0,   1,   0,   0,   0,   0,   0,   0,   0,   0,   0,   0,
    0,   0,   0,   0,   0,   0,   0,   0,   0,   0,   0],
 [  1,   0,   3,   0,   1,   0,   0,   1,   0,   0,   0,   0,   0,   0,
    0,  14,   0,   0,   0,   0,   0,   0,   0,   0,   0],
 [  0,   0,   0,   1,   0,   0,   0,   0,   0,   0,   0,   0,   0,   0,
    0,   0,  10,   0,   0,   0,   0,   0,   0,   0,   0],
 [  0,   0,   0,   1,   1,   0,   0,   0,   0,   0,   0,   0,   0,   0,
    0,   0,   0,   0,   0,   0,   0,   0,   0,   0,   0],
 [  0,   0,   0,   0,   0,   0,   0,   0,   1,   0,   0,   0,   0,   0,
    0,   0,   0,   0,   3,   0,   0,   0,   0,   0,   0],
 [  0,   0,   0,   0,   0,   0,   0,   0,   0,   0,   0,   0,   0,   0,
    0,   0,   0,   0,   0,   4,   0,   0,   0,   0,   0],
 [  0,   0,   1,   0,   0,   0,   0,   0,   0,   0,   0,   0,   0,   0,
    0,   0,   0,   0,   0,   0,   0,   0,   0,   0,   0],
 [  0,   0,   0,   1,   0,   0,   0,   0,   0,   1,   0,   0,   0,   0,
    0,   0,   0,   0,   0,   0,   0,   0,   0,   0,   0],
 [  0,   0,   1,   0,   0,   0,   0,   0,   0,   0,   0,   0,   0,   0,
    0,   0,   0,   0,   0,   0,   0,   0,   0,   0,   0],
 [  0,   1,   0,   0,   0,   0,   0,   0,   0,   0,   0,   0,   0,   0,
    0,   0,   0,   0,   0,   0,   0,   0,   0,   0,   0],
 [  0,   0,   0,   0,   0,   0,   0,   0,   0,   0,   0,   1,   0,   0,
    0,   0,   0,   0,   0,   0,   0,   0,   0,   0,   1]]
28	0	0.8425	0.7754	0.8075	0.8317
28	1	0.8212	0.8258	0.8235	0.8317
28	2	0.7935	0.7374	0.7644	0.8317
28	3	0.8000	0.8767	0.8366	0.8317
28	4	0.9104	0.9415	0.9257	0.8317
28	5	0.8519	0.8214	0.8364	0.8317
28	6	0.7500	0.8182	0.7826	0.8317
28	7	0.8636	0.8837	0.8736	0.8317
28	8	0.8696	0.9091	0.8889	0.8317
28	9	0.5333	0.8000	0.6400	0.8317
28	10	0.9286	0.8125	0.8667	0.8317
28	11	0.6875	0.7857	0.7333	0.8317
28	12	0.6667	0.8571	0.7500	0.8317
28	13	0.5000	0.3333	0.4000	0.8317
28	14	1.0000	1.0000	1.0000	0.8317
28	15	0.6522	0.7500	0.6977	0.8317
28	16	0.7778	0.6364	0.7000	0.8317
28	17	0.3333	0.5000	0.4000	0.8317
28	18	1.0000	0.7500	0.8571	0.8317
28	19	1.0000	1.0000	1.0000	0.8317
28	20	0.0000	0.0000	0.0000	0.8317
28	21	0.0000	0.0000	0.0000	0.8317
28	22	0.0000	0.0000	0.0000	0.8317
28	23	0.0000	0.0000	0.0000	0.8317
28	24	1.0000	0.5000	0.6667	0.8317

Confusion Matrix for Seed 28:
[[107,  16,   4,   1,   2,   0,   3,   1,   0,   0,   1,   2,   0,   0,
    0,   1,   0,   0,   0,   0,   0,   0,   0,   0,   0],
 [  7, 147,   9,   5,   4,   1,   0,   0,   2,   0,   0,   1,   0,   0,
    0,   2,   0,   0,   0,   0,   0,   0,   0,   0,   0],
 [  4,   2,  73,   5,   9,   0,   0,   1,   0,   2,   0,   0,   1,   1,
    0,   1,   0,   0,   0,   0,   0,   0,   0,   0,   0],
 [  2,   2,   0,  64,   0,   0,   0,   2,   0,   0,   0,   1,   1,   0,
    0,   0,   1,   0,   0,   0,   0,   0,   0,   0,   0],
 [  0,   6,   1,   0, 193,   1,   0,   0,   1,   2,   0,   0,   0,   0,
    0,   1,   0,   0,   0,   0,   0,   0,   0,   0,   0],
 [  1,   0,   0,   0,   0,  23,   0,   0,   0,   0,   0,   1,   1,   0,
    0,   2,   0,   0,   0,   0,   0,   0,   0,   0,   0],
 [  0,   0,   0,   0,   0,   1,   9,   0,   0,   0,   0,   0,   0,   0,
    0,   0,   1,   0,   0,   0,   0,   0,   0,   0,   0],
 [  0,   2,   1,   1,   0,   0,   0,  38,   0,   0,   0,   0,   0,   0,
    0,   1,   0,   0,   0,   0,   0,   0,   0,   0,   0],
 [  2,   0,   0,   0,   0,   0,   0,   0,  20,   0,   0,   0,   0,   0,
    0,   0,   0,   0,   0,   0,   0,   0,   0,   0,   0],
 [  0,   0,   1,   0,   1,   0,   0,   0,   0,   8,   0,   0,   0,   0,
    0,   0,   0,   0,   0,   0,   0,   0,   0,   0,   0],
 [  1,   0,   0,   1,   0,   0,   0,   1,   0,   0,  13,   0,   0,   0,
    0,   0,   0,   0,   0,   0,   0,   0,   0,   0,   0],
 [  1,   1,   0,   0,   1,   0,   0,   0,   0,   0,   0,  11,   0,   0,
    0,   0,   0,   0,   0,   0,   0,   0,   0,   0,   0],
 [  0,   0,   0,   0,   0,   1,   0,   0,   0,   0,   0,   0,   6,   0,
    0,   0,   0,   0,   0,   0,   0,   0,   0,   0,   0],
 [  0,   1,   0,   0,   0,   0,   0,   0,   0,   1,   0,   0,   0,   1,
    0,   0,   0,   0,   0,   0,   0,   0,   0,   0,   0],
 [  0,   0,   0,   0,   0,   0,   0,   0,   0,   0,   0,   0,   0,   0,
    2,   0,   0,   0,   0,   0,   0,   0,   0,   0,   0],
 [  1,   0,   1,   0,   2,   0,   0,   1,   0,   0,   0,   0,   0,   0,
    0,  15,   0,   0,   0,   0,   0,   0,   0,   0,   0],
 [  1,   1,   0,   1,   0,   0,   0,   0,   0,   0,   0,   0,   0,   0,
    0,   0,   7,   1,   0,   0,   0,   0,   0,   0,   0],
 [  0,   0,   0,   1,   0,   0,   0,   0,   0,   0,   0,   0,   0,   0,
    0,   0,   0,   1,   0,   0,   0,   0,   0,   0,   0],
 [  0,   0,   1,   0,   0,   0,   0,   0,   0,   0,   0,   0,   0,   0,
    0,   0,   0,   0,   3,   0,   0,   0,   0,   0,   0],
 [  0,   0,   0,   0,   0,   0,   0,   0,   0,   0,   0,   0,   0,   0,
    0,   0,   0,   0,   0,   4,   0,   0,   0,   0,   0],
 [  0,   0,   0,   0,   0,   0,   0,   0,   0,   1,   0,   0,   0,   0,
    0,   0,   0,   0,   0,   0,   0,   0,   0,   0,   0],
 [  0,   0,   0,   1,   0,   0,   0,   0,   0,   1,   0,   0,   0,   0,
    0,   0,   0,   0,   0,   0,   0,   0,   0,   0,   0],
 [  0,   0,   1,   0,   0,   0,   0,   0,   0,   0,   0,   0,   0,   0,
    0,   0,   0,   0,   0,   0,   0,   0,   0,   0,   0],
 [  0,   1,   0,   0,   0,   0,   0,   0,   0,   0,   0,   0,   0,   0,
    0,   0,   0,   0,   0,   0,   0,   0,   0,   0,   0],
 [  0,   0,   0,   0,   0,   0,   0,   0,   0,   0,   0,   0,   0,   0,
    0,   0,   0,   1,   0,   0,   0,   0,   0,   0,   1]]
30	0	0.8298	0.8478	0.8387	0.8227
30	1	0.7921	0.7921	0.7921	0.8227
30	2	0.7204	0.6768	0.6979	0.8227
30	3	0.8630	0.8630	0.8630	0.8227
30	4	0.8826	0.9171	0.8995	0.8227
30	5	0.8929	0.8929	0.8929	0.8227
30	6	0.6667	0.7273	0.6957	0.8227
30	7	0.8571	0.8372	0.8471	0.8227
30	8	0.8750	0.9545	0.9130	0.8227
30	9	0.5000	0.6000	0.5455	0.8227
30	10	1.0000	0.9375	0.9677	0.8227
30	11	0.8667	0.9286	0.8966	0.8227
30	12	1.0000	0.5714	0.7273	0.8227
30	13	1.0000	0.6667	0.8000	0.8227
30	14	0.0000	0.0000	0.0000	0.8227
30	15	0.5909	0.6500	0.6190	0.8227
30	16	1.0000	0.9091	0.9524	0.8227
30	17	0.5000	0.5000	0.5000	0.8227
30	18	1.0000	0.7500	0.8571	0.8227
30	19	0.8000	1.0000	0.8889	0.8227
30	20	0.0000	0.0000	0.0000	0.8227
30	21	0.0000	0.0000	0.0000	0.8227
30	22	0.0000	0.0000	0.0000	0.8227
30	23	0.0000	0.0000	0.0000	0.8227
30	24	1.0000	0.5000	0.6667	0.8227

Confusion Matrix for Seed 30:
[[117,   8,   6,   0,   2,   0,   3,   1,   0,   0,   0,   1,   0,   0,
    0,   0,   0,   0,   0,   0,   0,   0,   0,   0,   0],
 [  6, 141,   7,   5,  11,   0,   0,   2,   1,   2,   0,   0,   0,   0,
    0,   3,   0,   0,   0,   0,   0,   0,   0,   0,   0],
 [ 17,   3,  67,   2,   5,   0,   1,   2,   0,   0,   0,   0,   0,   0,
    0,   2,   0,   0,   0,   0,   0,   0,   0,   0,   0],
 [  0,   5,   1,  63,   1,   0,   0,   0,   2,   0,   0,   0,   0,   0,
    0,   0,   0,   0,   0,   0,   0,   1,   0,   0,   0],
 [  0,  10,   3,   1, 188,   0,   0,   0,   0,   2,   0,   1,   0,   0,
    0,   0,   0,   0,   0,   0,   0,   0,   0,   0,   0],
 [  0,   0,   1,   0,   0,  25,   0,   0,   0,   0,   0,   0,   0,   0,
    0,   2,   0,   0,   0,   0,   0,   0,   0,   0,   0],
 [  0,   1,   0,   0,   0,   2,   8,   0,   0,   0,   0,   0,   0,   0,
    0,   0,   0,   0,   0,   0,   0,   0,   0,   0,   0],
 [  0,   2,   1,   1,   1,   0,   0,  36,   0,   0,   0,   0,   0,   0,
    0,   2,   0,   0,   0,   0,   0,   0,   0,   0,   0],
 [  0,   1,   0,   0,   0,   0,   0,   0,  21,   0,   0,   0,   0,   0,
    0,   0,   0,   0,   0,   0,   0,   0,   0,   0,   0],
 [  0,   1,   0,   1,   2,   0,   0,   0,   0,   6,   0,   0,   0,   0,
    0,   0,   0,   0,   0,   0,   0,   0,   0,   0,   0],
 [  0,   1,   0,   0,   0,   0,   0,   0,   0,   0,  15,   0,   0,   0,
    0,   0,   0,   0,   0,   0,   0,   0,   0,   0,   0],
 [  1,   0,   0,   0,   0,   0,   0,   0,   0,   0,   0,  13,   0,   0,
    0,   0,   0,   0,   0,   0,   0,   0,   0,   0,   0],
 [  0,   0,   0,   0,   2,   1,   0,   0,   0,   0,   0,   0,   4,   0,
    0,   0,   0,   0,   0,   0,   0,   0,   0,   0,   0],
 [  0,   0,   0,   0,   0,   0,   0,   0,   0,   1,   0,   0,   0,   2,
    0,   0,   0,   0,   0,   0,   0,   0,   0,   0,   0],
 [  0,   2,   0,   0,   0,   0,   0,   0,   0,   0,   0,   0,   0,   0,
    0,   0,   0,   0,   0,   0,   0,   0,   0,   0,   0],
 [  0,   1,   4,   0,   1,   0,   0,   1,   0,   0,   0,   0,   0,   0,
    0,  13,   0,   0,   0,   0,   0,   0,   0,   0,   0],
 [  0,   0,   0,   0,   0,   0,   0,   0,   0,   0,   0,   0,   0,   0,
    0,   0,  10,   1,   0,   0,   0,   0,   0,   0,   0],
 [  0,   1,   0,   0,   0,   0,   0,   0,   0,   0,   0,   0,   0,   0,
    0,   0,   0,   1,   0,   0,   0,   0,   0,   0,   0],
 [  0,   0,   1,   0,   0,   0,   0,   0,   0,   0,   0,   0,   0,   0,
    0,   0,   0,   0,   3,   0,   0,   0,   0,   0,   0],
 [  0,   0,   0,   0,   0,   0,   0,   0,   0,   0,   0,   0,   0,   0,
    0,   0,   0,   0,   0,   4,   0,   0,   0,   0,   0],
 [  0,   0,   1,   0,   0,   0,   0,   0,   0,   0,   0,   0,   0,   0,
    0,   0,   0,   0,   0,   0,   0,   0,   0,   0,   0],
 [  0,   1,   0,   0,   0,   0,   0,   0,   0,   1,   0,   0,   0,   0,
    0,   0,   0,   0,   0,   0,   0,   0,   0,   0,   0],
 [  0,   0,   1,   0,   0,   0,   0,   0,   0,   0,   0,   0,   0,   0,
    0,   0,   0,   0,   0,   0,   0,   0,   0,   0,   0],
 [  0,   0,   0,   0,   0,   0,   0,   0,   0,   0,   0,   0,   0,   0,
    1,   0,   0,   0,   0,   0,   0,   0,   0,   0,   0],
 [  0,   0,   0,   0,   0,   0,   0,   0,   0,   0,   0,   0,   0,   0,
    0,   0,   0,   0,   0,   1,   0,   0,   0,   0,   1]]
32	0	0.8244	0.7826	0.8030	0.8149
32	1	0.8056	0.8146	0.8101	0.8149
32	2	0.7579	0.7273	0.7423	0.8149
32	3	0.8514	0.8630	0.8571	0.8149
32	4	0.8899	0.9463	0.9173	0.8149
32	5	0.9000	0.6429	0.7500	0.8149
32	6	0.7500	0.5455	0.6316	0.8149
32	7	0.8810	0.8605	0.8706	0.8149
32	8	0.7692	0.9091	0.8333	0.8149
32	9	0.4615	0.6000	0.5217	0.8149
32	10	0.7000	0.8750	0.7778	0.8149
32	11	0.7222	0.9286	0.8125	0.8149
32	12	0.3750	0.4286	0.4000	0.8149
32	13	1.0000	0.6667	0.8000	0.8149
32	14	0.0000	0.0000	0.0000	0.8149
32	15	0.6500	0.6500	0.6500	0.8149
32	16	0.6667	0.9091	0.7692	0.8149
32	17	1.0000	0.5000	0.6667	0.8149
32	18	1.0000	0.5000	0.6667	0.8149
32	19	1.0000	0.7500	0.8571	0.8149
32	20	0.0000	0.0000	0.0000	0.8149
32	21	0.0000	0.0000	0.0000	0.8149
32	22	0.0000	0.0000	0.0000	0.8149
32	23	0.0000	0.0000	0.0000	0.8149
32	24	1.0000	0.5000	0.6667	0.8149

Confusion Matrix for Seed 32:
[[108,   9,  10,   1,   0,   1,   1,   0,   0,   1,   1,   3,   1,   0,
    0,   2,   0,   0,   0,   0,   0,   0,   0,   0,   0],
 [  7, 145,   5,   3,   9,   0,   1,   2,   3,   1,   0,   1,   0,   0,
    0,   1,   0,   0,   0,   0,   0,   0,   0,   0,   0],
 [ 10,   6,  72,   2,   5,   0,   0,   1,   0,   0,   2,   0,   0,   0,
    0,   1,   0,   0,   0,   0,   0,   0,   0,   0,   0],
 [  0,   2,   0,  63,   2,   0,   0,   1,   2,   0,   0,   0,   0,   0,
    0,   0,   3,   0,   0,   0,   0,   0,   0,   0,   0],
 [  0,   4,   5,   1, 194,   0,   0,   0,   1,   0,   0,   0,   0,   0,
    0,   0,   0,   0,   0,   0,   0,   0,   0,   0,   0],
 [  2,   2,   0,   0,   0,  18,   0,   0,   0,   0,   0,   0,   3,   0,
    0,   2,   1,   0,   0,   0,   0,   0,   0,   0,   0],
 [  1,   3,   1,   0,   0,   0,   6,   0,   0,   0,   0,   0,   0,   0,
    0,   0,   0,   0,   0,   0,   0,   0,   0,   0,   0],
 [  0,   1,   0,   1,   0,   0,   0,  37,   0,   2,   2,   0,   0,   0,
    0,   0,   0,   0,   0,   0,   0,   0,   0,   0,   0],
 [  0,   0,   0,   0,   0,   0,   0,   0,  20,   1,   0,   0,   1,   0,
    0,   0,   0,   0,   0,   0,   0,   0,   0,   0,   0],
 [  0,   1,   0,   0,   3,   0,   0,   0,   0,   6,   0,   0,   0,   0,
    0,   0,   0,   0,   0,   0,   0,   0,   0,   0,   0],
 [  0,   1,   0,   0,   0,   0,   0,   0,   0,   0,  14,   0,   0,   0,
    0,   1,   0,   0,   0,   0,   0,   0,   0,   0,   0],
 [  1,   0,   0,   0,   0,   0,   0,   0,   0,   0,   0,  13,   0,   0,
    0,   0,   0,   0,   0,   0,   0,   0,   0,   0,   0],
 [  0,   2,   0,   0,   1,   1,   0,   0,   0,   0,   0,   0,   3,   0,
    0,   0,   0,   0,   0,   0,   0,   0,   0,   0,   0],
 [  0,   0,   0,   0,   0,   0,   0,   1,   0,   0,   0,   0,   0,   2,
    0,   0,   0,   0,   0,   0,   0,   0,   0,   0,   0],
 [  0,   2,   0,   0,   0,   0,   0,   0,   0,   0,   0,   0,   0,   0,
    0,   0,   0,   0,   0,   0,   0,   0,   0,   0,   0],
 [  1,   2,   0,   2,   2,   0,   0,   0,   0,   0,   0,   0,   0,   0,
    0,  13,   0,   0,   0,   0,   0,   0,   0,   0,   0],
 [  1,   0,   0,   0,   0,   0,   0,   0,   0,   0,   0,   0,   0,   0,
    0,   0,  10,   0,   0,   0,   0,   0,   0,   0,   0],
 [  0,   0,   0,   0,   0,   0,   0,   0,   0,   0,   0,   0,   0,   0,
    0,   0,   1,   1,   0,   0,   0,   0,   0,   0,   0],
 [  0,   0,   1,   0,   0,   0,   0,   0,   0,   0,   1,   0,   0,   0,
    0,   0,   0,   0,   2,   0,   0,   0,   0,   0,   0],
 [  0,   0,   0,   0,   0,   0,   0,   0,   0,   1,   0,   0,   0,   0,
    0,   0,   0,   0,   0,   3,   0,   0,   0,   0,   0],
 [  0,   0,   1,   0,   0,   0,   0,   0,   0,   0,   0,   0,   0,   0,
    0,   0,   0,   0,   0,   0,   0,   0,   0,   0,   0],
 [  0,   0,   0,   1,   0,   0,   0,   0,   0,   1,   0,   0,   0,   0,
    0,   0,   0,   0,   0,   0,   0,   0,   0,   0,   0],
 [  0,   0,   0,   0,   1,   0,   0,   0,   0,   0,   0,   0,   0,   0,
    0,   0,   0,   0,   0,   0,   0,   0,   0,   0,   0],
 [  0,   0,   0,   0,   1,   0,   0,   0,   0,   0,   0,   0,   0,   0,
    0,   0,   0,   0,   0,   0,   0,   0,   0,   0,   0],
 [  0,   0,   0,   0,   0,   0,   0,   0,   0,   0,   0,   1,   0,   0,
    0,   0,   0,   0,   0,   0,   0,   0,   0,   0,   1]]
34	0	0.8421	0.8116	0.8266	0.8317
34	1	0.8371	0.8371	0.8371	0.8317
34	2	0.7634	0.7172	0.7396	0.8317
34	3	0.8906	0.7808	0.8321	0.8317
34	4	0.8981	0.9463	0.9216	0.8317
34	5	0.8621	0.8929	0.8772	0.8317
34	6	0.5455	0.5455	0.5455	0.8317
34	7	0.8000	0.9302	0.8602	0.8317
34	8	0.8148	1.0000	0.8980	0.8317
34	9	0.5833	0.7000	0.6364	0.8317
34	10	1.0000	0.8750	0.9333	0.8317
34	11	0.6667	0.7143	0.6897	0.8317
34	12	0.6667	0.2857	0.4000	0.8317
34	13	1.0000	0.6667	0.8000	0.8317
34	14	0.0000	0.0000	0.0000	0.8317
34	15	0.6400	0.8000	0.7111	0.8317
34	16	0.9091	0.9091	0.9091	0.8317
34	17	0.3333	0.5000	0.4000	0.8317
34	18	1.0000	0.7500	0.8571	0.8317
34	19	0.8000	1.0000	0.8889	0.8317
34	20	0.0000	0.0000	0.0000	0.8317
34	21	0.0000	0.0000	0.0000	0.8317
34	22	0.0000	0.0000	0.0000	0.8317
34	23	0.0000	0.0000	0.0000	0.8317
34	24	0.5000	0.5000	0.5000	0.8317

Confusion Matrix for Seed 34:
[[112,   8,  10,   0,   2,   0,   1,   1,   0,   0,   0,   2,   1,   0,
    0,   1,   0,   0,   0,   0,   0,   0,   0,   0,   0],
 [  7, 149,   3,   3,   7,   0,   2,   3,   0,   0,   0,   0,   0,   0,
    1,   2,   0,   0,   0,   0,   0,   0,   0,   0,   1],
 [  9,   5,  71,   2,   9,   0,   1,   2,   0,   0,   0,   0,   0,   0,
    0,   0,   0,   0,   0,   0,   0,   0,   0,   0,   0],
 [  3,   6,   2,  57,   1,   0,   0,   2,   0,   0,   0,   2,   0,   0,
    0,   0,   0,   0,   0,   0,   0,   0,   0,   0,   0],
 [  0,   2,   1,   0, 194,   0,   0,   1,   2,   2,   0,   0,   0,   0,
    0,   2,   0,   1,   0,   0,   0,   0,   0,   0,   0],
 [  1,   0,   0,   0,   0,  25,   1,   0,   0,   0,   0,   0,   0,   0,
    0,   1,   0,   0,   0,   0,   0,   0,   0,   0,   0],
 [  0,   2,   1,   0,   0,   2,   6,   0,   0,   0,   0,   0,   0,   0,
    0,   0,   0,   0,   0,   0,   0,   0,   0,   0,   0],
 [  0,   1,   0,   1,   0,   0,   0,  40,   0,   0,   0,   0,   0,   0,
    0,   1,   0,   0,   0,   0,   0,   0,   0,   0,   0],
 [  0,   0,   0,   0,   0,   0,   0,   0,  22,   0,   0,   0,   0,   0,
    0,   0,   0,   0,   0,   0,   0,   0,   0,   0,   0],
 [  0,   0,   1,   0,   1,   0,   0,   0,   0,   7,   0,   0,   0,   0,
    0,   1,   0,   0,   0,   0,   0,   0,   0,   0,   0],
 [  0,   1,   0,   0,   0,   0,   0,   0,   0,   0,  14,   0,   0,   0,
    0,   1,   0,   0,   0,   0,   0,   0,   0,   0,   0],
 [  1,   1,   0,   0,   2,   0,   0,   0,   0,   0,   0,  10,   0,   0,
    0,   0,   0,   0,   0,   0,   0,   0,   0,   0,   0],
 [  0,   0,   0,   1,   0,   2,   0,   0,   0,   2,   0,   0,   2,   0,
    0,   0,   0,   0,   0,   0,   0,   0,   0,   0,   0],
 [  0,   0,   0,   0,   0,   0,   0,   0,   0,   1,   0,   0,   0,   2,
    0,   0,   0,   0,   0,   0,   0,   0,   0,   0,   0],
 [  0,   1,   0,   0,   0,   0,   0,   0,   0,   0,   0,   1,   0,   0,
    0,   0,   0,   0,   0,   0,   0,   0,   0,   0,   0],
 [  0,   0,   2,   0,   0,   0,   0,   1,   1,   0,   0,   0,   0,   0,
    0,  16,   0,   0,   0,   0,   0,   0,   0,   0,   0],
 [  0,   0,   0,   0,   0,   0,   0,   0,   1,   0,   0,   0,   0,   0,
    0,   0,  10,   0,   0,   0,   0,   0,   0,   0,   0],
 [  0,   0,   0,   0,   0,   0,   0,   0,   1,   0,   0,   0,   0,   0,
    0,   0,   0,   1,   0,   0,   0,   0,   0,   0,   0],
 [  0,   0,   1,   0,   0,   0,   0,   0,   0,   0,   0,   0,   0,   0,
    0,   0,   0,   0,   3,   0,   0,   0,   0,   0,   0],
 [  0,   0,   0,   0,   0,   0,   0,   0,   0,   0,   0,   0,   0,   0,
    0,   0,   0,   0,   0,   4,   0,   0,   0,   0,   0],
 [  0,   0,   0,   0,   0,   0,   0,   0,   0,   0,   0,   0,   0,   0,
    0,   0,   0,   0,   0,   1,   0,   0,   0,   0,   0],
 [  0,   1,   0,   0,   0,   0,   0,   0,   0,   0,   0,   0,   0,   0,
    0,   0,   0,   1,   0,   0,   0,   0,   0,   0,   0],
 [  0,   0,   1,   0,   0,   0,   0,   0,   0,   0,   0,   0,   0,   0,
    0,   0,   0,   0,   0,   0,   0,   0,   0,   0,   0],
 [  0,   1,   0,   0,   0,   0,   0,   0,   0,   0,   0,   0,   0,   0,
    0,   0,   0,   0,   0,   0,   0,   0,   0,   0,   0],
 [  0,   0,   0,   0,   0,   0,   0,   0,   0,   0,   0,   0,   0,   0,
    0,   0,   1,   0,   0,   0,   0,   0,   0,   0,   1]]
36	0	0.8160	0.7391	0.7757	0.8027
36	1	0.8022	0.8202	0.8111	0.8027
36	2	0.6757	0.7576	0.7143	0.8027
36	3	0.8158	0.8493	0.8322	0.8027
36	4	0.8873	0.9220	0.9043	0.8027
36	5	0.9130	0.7500	0.8235	0.8027
36	6	0.5556	0.4545	0.5000	0.8027
36	7	0.8750	0.8140	0.8434	0.8027
36	8	0.7692	0.9091	0.8333	0.8027
36	9	0.5000	0.5000	0.5000	0.8027
36	10	0.9412	1.0000	0.9697	0.8027
36	11	0.9091	0.7143	0.8000	0.8027
36	12	0.3750	0.4286	0.4000	0.8027
36	13	0.6667	0.6667	0.6667	0.8027
36	14	0.0000	0.0000	0.0000	0.8027
36	15	0.6522	0.7500	0.6977	0.8027
36	16	0.7778	0.6364	0.7000	0.8027
36	17	0.0000	0.0000	0.0000	0.8027
36	18	1.0000	0.5000	0.6667	0.8027
36	19	0.8000	1.0000	0.8889	0.8027
36	20	0.0000	0.0000	0.0000	0.8027
36	21	0.0000	0.0000	0.0000	0.8027
36	22	0.0000	0.0000	0.0000	0.8027
36	23	0.0000	0.0000	0.0000	0.8027
36	24	1.0000	0.5000	0.6667	0.8027

Confusion Matrix for Seed 36:
[[102,   6,  18,   1,   4,   0,   2,   0,   0,   1,   1,   1,   0,   0,
    0,   2,   0,   0,   0,   0,   0,   0,   0,   0,   0],
 [  6, 146,   7,   3,   8,   0,   2,   1,   1,   2,   0,   0,   0,   0,
    0,   2,   0,   0,   0,   0,   0,   0,   0,   0,   0],
 [  9,   5,  75,   3,   2,   0,   0,   1,   1,   0,   0,   0,   0,   1,
    0,   1,   1,   0,   0,   0,   0,   0,   0,   0,   0],
 [  1,   5,   0,  62,   0,   0,   0,   0,   3,   0,   0,   0,   0,   0,
    1,   0,   0,   1,   0,   0,   0,   0,   0,   0,   0],
 [  1,   9,   3,   0, 189,   0,   0,   1,   0,   1,   0,   0,   0,   0,
    0,   1,   0,   0,   0,   0,   0,   0,   0,   0,   0],
 [  0,   0,   0,   1,   0,  21,   0,   0,   0,   0,   0,   0,   3,   0,
    0,   2,   0,   0,   0,   1,   0,   0,   0,   0,   0],
 [  0,   3,   0,   1,   0,   1,   5,   0,   0,   0,   0,   0,   0,   0,
    0,   0,   1,   0,   0,   0,   0,   0,   0,   0,   0],
 [  0,   3,   4,   0,   1,   0,   0,  35,   0,   0,   0,   0,   0,   0,
    0,   0,   0,   0,   0,   0,   0,   0,   0,   0,   0],
 [  0,   0,   0,   0,   1,   0,   0,   0,  20,   0,   0,   0,   1,   0,
    0,   0,   0,   0,   0,   0,   0,   0,   0,   0,   0],
 [  0,   1,   0,   1,   2,   0,   0,   0,   0,   5,   0,   0,   1,   0,
    0,   0,   0,   0,   0,   0,   0,   0,   0,   0,   0],
 [  0,   0,   0,   0,   0,   0,   0,   0,   0,   0,  16,   0,   0,   0,
    0,   0,   0,   0,   0,   0,   0,   0,   0,   0,   0],
 [  2,   0,   1,   0,   1,   0,   0,   0,   0,   0,   0,  10,   0,   0,
    0,   0,   0,   0,   0,   0,   0,   0,   0,   0,   0],
 [  1,   0,   0,   0,   2,   0,   0,   1,   0,   0,   0,   0,   3,   0,
    0,   0,   0,   0,   0,   0,   0,   0,   0,   0,   0],
 [  0,   0,   0,   0,   1,   0,   0,   0,   0,   0,   0,   0,   0,   2,
    0,   0,   0,   0,   0,   0,   0,   0,   0,   0,   0],
 [  1,   0,   0,   1,   0,   0,   0,   0,   0,   0,   0,   0,   0,   0,
    0,   0,   0,   0,   0,   0,   0,   0,   0,   0,   0],
 [  0,   1,   2,   0,   1,   1,   0,   0,   0,   0,   0,   0,   0,   0,
    0,  15,   0,   0,   0,   0,   0,   0,   0,   0,   0],
 [  1,   0,   0,   2,   0,   0,   0,   0,   0,   0,   0,   0,   0,   0,
    0,   0,   7,   1,   0,   0,   0,   0,   0,   0,   0],
 [  0,   0,   0,   0,   0,   0,   0,   1,   1,   0,   0,   0,   0,   0,
    0,   0,   0,   0,   0,   0,   0,   0,   0,   0,   0],
 [  1,   0,   1,   0,   0,   0,   0,   0,   0,   0,   0,   0,   0,   0,
    0,   0,   0,   0,   2,   0,   0,   0,   0,   0,   0],
 [  0,   0,   0,   0,   0,   0,   0,   0,   0,   0,   0,   0,   0,   0,
    0,   0,   0,   0,   0,   4,   0,   0,   0,   0,   0],
 [  0,   1,   0,   0,   0,   0,   0,   0,   0,   0,   0,   0,   0,   0,
    0,   0,   0,   0,   0,   0,   0,   0,   0,   0,   0],
 [  0,   1,   0,   1,   0,   0,   0,   0,   0,   0,   0,   0,   0,   0,
    0,   0,   0,   0,   0,   0,   0,   0,   0,   0,   0],
 [  0,   0,   0,   0,   1,   0,   0,   0,   0,   0,   0,   0,   0,   0,
    0,   0,   0,   0,   0,   0,   0,   0,   0,   0,   0],
 [  0,   1,   0,   0,   0,   0,   0,   0,   0,   0,   0,   0,   0,   0,
    0,   0,   0,   0,   0,   0,   0,   0,   0,   0,   0],
 [  0,   0,   0,   0,   0,   0,   0,   0,   0,   1,   0,   0,   0,   0,
    0,   0,   0,   0,   0,   0,   0,   0,   0,   0,   1]]
38	0	0.7724	0.8116	0.7915	0.8272
38	1	0.8286	0.8146	0.8215	0.8272
38	2	0.7872	0.7475	0.7668	0.8272
38	3	0.8493	0.8493	0.8493	0.8272
38	4	0.9420	0.9512	0.9466	0.8272
38	5	0.9565	0.7857	0.8627	0.8272
38	6	0.6667	0.5455	0.6000	0.8272
38	7	0.8462	0.7674	0.8049	0.8272
38	8	1.0000	0.9091	0.9524	0.8272
38	9	0.4706	0.8000	0.5926	0.8272
38	10	0.9333	0.8750	0.9032	0.8272
38	11	0.7692	0.7143	0.7407	0.8272
38	12	0.7500	0.4286	0.5455	0.8272
38	13	0.6667	0.6667	0.6667	0.8272
38	14	0.2500	1.0000	0.4000	0.8272
38	15	0.5455	0.9000	0.6792	0.8272
38	16	0.7500	0.8182	0.7826	0.8272
38	17	0.0000	0.0000	0.0000	0.8272
38	18	1.0000	0.7500	0.8571	0.8272
38	19	1.0000	0.7500	0.8571	0.8272
38	20	0.0000	0.0000	0.0000	0.8272
38	21	0.0000	0.0000	0.0000	0.8272
38	22	0.0000	0.0000	0.0000	0.8272
38	23	0.0000	0.0000	0.0000	0.8272
38	24	1.0000	0.5000	0.6667	0.8272

Confusion Matrix for Seed 38:
[[112,  11,   6,   2,   0,   0,   0,   0,   0,   1,   0,   1,   0,   0,
    4,   1,   0,   0,   0,   0,   0,   0,   0,   0,   0],
 [  9, 145,   9,   3,   3,   0,   2,   2,   0,   0,   0,   0,   0,   0,
    2,   2,   1,   0,   0,   0,   0,   0,   0,   0,   0],
 [ 13,   2,  74,   1,   4,   0,   1,   0,   0,   0,   1,   0,   0,   1,
    0,   2,   0,   0,   0,   0,   0,   0,   0,   0,   0],
 [  1,   3,   0,  62,   0,   0,   0,   2,   0,   0,   0,   0,   1,   0,
    0,   3,   1,   0,   0,   0,   0,   0,   0,   0,   0],
 [  2,   2,   1,   0, 195,   0,   0,   1,   0,   2,   0,   1,   0,   0,
    0,   1,   0,   0,   0,   0,   0,   0,   0,   0,   0],
 [  1,   0,   0,   0,   1,  22,   0,   0,   0,   1,   0,   1,   0,   0,
    0,   2,   0,   0,   0,   0,   0,   0,   0,   0,   0],
 [  2,   0,   0,   1,   0,   1,   6,   0,   0,   0,   0,   0,   0,   0,
    0,   0,   1,   0,   0,   0,   0,   0,   0,   0,   0],
 [  0,   5,   1,   1,   2,   0,   0,  33,   0,   0,   0,   0,   0,   0,
    0,   1,   0,   0,   0,   0,   0,   0,   0,   0,   0],
 [  0,   2,   0,   0,   0,   0,   0,   0,  20,   0,   0,   0,   0,   0,
    0,   0,   0,   0,   0,   0,   0,   0,   0,   0,   0],
 [  0,   1,   0,   1,   0,   0,   0,   0,   0,   8,   0,   0,   0,   0,
    0,   0,   0,   0,   0,   0,   0,   0,   0,   0,   0],
 [  1,   0,   0,   0,   1,   0,   0,   0,   0,   0,  14,   0,   0,   0,
    0,   0,   0,   0,   0,   0,   0,   0,   0,   0,   0],
 [  4,   0,   0,   0,   0,   0,   0,   0,   0,   0,   0,  10,   0,   0,
    0,   0,   0,   0,   0,   0,   0,   0,   0,   0,   0],
 [  0,   2,   1,   0,   0,   0,   0,   0,   0,   0,   0,   0,   3,   0,
    0,   1,   0,   0,   0,   0,   0,   0,   0,   0,   0],
 [  0,   0,   0,   0,   0,   0,   0,   0,   0,   1,   0,   0,   0,   2,
    0,   0,   0,   0,   0,   0,   0,   0,   0,   0,   0],
 [  0,   0,   0,   0,   0,   0,   0,   0,   0,   0,   0,   0,   0,   0,
    2,   0,   0,   0,   0,   0,   0,   0,   0,   0,   0],
 [  0,   1,   1,   0,   0,   0,   0,   0,   0,   0,   0,   0,   0,   0,
    0,  18,   0,   0,   0,   0,   0,   0,   0,   0,   0],
 [  0,   0,   0,   2,   0,   0,   0,   0,   0,   0,   0,   0,   0,   0,
    0,   0,   9,   0,   0,   0,   0,   0,   0,   0,   0],
 [  0,   0,   0,   0,   0,   0,   0,   1,   0,   1,   0,   0,   0,   0,
    0,   0,   0,   0,   0,   0,   0,   0,   0,   0,   0],
 [  0,   0,   0,   0,   0,   0,   0,   0,   0,   0,   0,   0,   0,   0,
    0,   1,   0,   0,   3,   0,   0,   0,   0,   0,   0],
 [  0,   0,   0,   0,   0,   0,   0,   0,   0,   1,   0,   0,   0,   0,
    0,   0,   0,   0,   0,   3,   0,   0,   0,   0,   0],
 [  0,   0,   1,   0,   0,   0,   0,   0,   0,   0,   0,   0,   0,   0,
    0,   0,   0,   0,   0,   0,   0,   0,   0,   0,   0],
 [  0,   1,   0,   0,   0,   0,   0,   0,   0,   1,   0,   0,   0,   0,
    0,   0,   0,   0,   0,   0,   0,   0,   0,   0,   0],
 [  0,   0,   0,   0,   1,   0,   0,   0,   0,   0,   0,   0,   0,   0,
    0,   0,   0,   0,   0,   0,   0,   0,   0,   0,   0],
 [  0,   0,   0,   0,   0,   0,   0,   0,   0,   0,   0,   0,   0,   0,
    0,   1,   0,   0,   0,   0,   0,   0,   0,   0,   0],
 [  0,   0,   0,   0,   0,   0,   0,   0,   0,   1,   0,   0,   0,   0,
    0,   0,   0,   0,   0,   0,   0,   0,   0,   0,   1]]
40	0	0.7609	0.7609	0.7609	0.8027
40	1	0.8035	0.7809	0.7920	0.8027
40	2	0.6571	0.6970	0.6765	0.8027
40	3	0.8101	0.8767	0.8421	0.8027
40	4	0.9143	0.9366	0.9253	0.8027
40	5	0.8125	0.9286	0.8667	0.8027
40	6	0.4444	0.3636	0.4000	0.8027
40	7	0.8261	0.8837	0.8539	0.8027
40	8	1.0000	0.6364	0.7778	0.8027
40	9	0.7500	0.6000	0.6667	0.8027
40	10	0.9333	0.8750	0.9032	0.8027
40	11	0.7222	0.9286	0.8125	0.8027
40	12	0.5000	0.5714	0.5333	0.8027
40	13	0.6667	0.6667	0.6667	0.8027
40	14	0.0000	0.0000	0.0000	0.8027
40	15	0.8000	0.6000	0.6857	0.8027
40	16	0.6667	0.9091	0.7692	0.8027
40	17	1.0000	0.5000	0.6667	0.8027
40	18	0.6667	0.5000	0.5714	0.8027
40	19	1.0000	1.0000	1.0000	0.8027
40	20	0.0000	0.0000	0.0000	0.8027
40	21	0.0000	0.0000	0.0000	0.8027
40	22	0.0000	0.0000	0.0000	0.8027
40	23	0.0000	0.0000	0.0000	0.8027
40	24	1.0000	0.5000	0.6667	0.8027

Confusion Matrix for Seed 40:
[[105,   9,  14,   0,   1,   0,   2,   0,   0,   0,   0,   5,   1,   0,
    0,   1,   0,   0,   0,   0,   0,   0,   0,   0,   0],
 [ 13, 139,   7,   3,   7,   1,   2,   4,   0,   0,   0,   0,   0,   1,
    0,   1,   0,   0,   0,   0,   0,   0,   0,   0,   0],
 [ 16,   4,  69,   3,   3,   0,   0,   2,   0,   0,   1,   0,   1,   0,
    0,   0,   0,   0,   0,   0,   0,   0,   0,   0,   0],
 [  1,   4,   2,  64,   0,   0,   1,   0,   0,   0,   0,   0,   1,   0,
    0,   0,   0,   0,   0,   0,   0,   0,   0,   0,   0],
 [  0,   7,   2,   1, 192,   1,   0,   1,   0,   0,   0,   0,   0,   0,
    0,   1,   0,   0,   0,   0,   0,   0,   0,   0,   0],
 [  0,   0,   1,   0,   0,  26,   0,   0,   0,   0,   0,   0,   1,   0,
    0,   0,   0,   0,   0,   0,   0,   0,   0,   0,   0],
 [  2,   1,   0,   1,   0,   2,   4,   0,   0,   0,   0,   0,   0,   0,
    0,   0,   1,   0,   0,   0,   0,   0,   0,   0,   0],
 [  0,   1,   1,   3,   0,   0,   0,  38,   0,   0,   0,   0,   0,   0,
    0,   0,   0,   0,   0,   0,   0,   0,   0,   0,   0],
 [  0,   2,   3,   1,   1,   0,   0,   0,  14,   1,   0,   0,   0,   0,
    0,   0,   0,   0,   0,   0,   0,   0,   0,   0,   0],
 [  0,   0,   0,   1,   3,   0,   0,   0,   0,   6,   0,   0,   0,   0,
    0,   0,   0,   0,   0,   0,   0,   0,   0,   0,   0],
 [  0,   1,   0,   0,   0,   0,   0,   0,   0,   0,  14,   0,   0,   0,
    0,   0,   1,   0,   0,   0,   0,   0,   0,   0,   0],
 [  0,   0,   1,   0,   0,   0,   0,   0,   0,   0,   0,  13,   0,   0,
    0,   0,   0,   0,   0,   0,   0,   0,   0,   0,   0],
 [  0,   0,   0,   0,   0,   1,   0,   0,   0,   0,   0,   0,   4,   0,
    0,   0,   1,   0,   1,   0,   0,   0,   0,   0,   0],
 [  0,   1,   0,   0,   0,   0,   0,   0,   0,   0,   0,   0,   0,   2,
    0,   0,   0,   0,   0,   0,   0,   0,   0,   0,   0],
 [  0,   1,   0,   1,   0,   0,   0,   0,   0,   0,   0,   0,   0,   0,
    0,   0,   0,   0,   0,   0,   0,   0,   0,   0,   0],
 [  1,   0,   2,   0,   3,   1,   0,   1,   0,   0,   0,   0,   0,   0,
    0,  12,   0,   0,   0,   0,   0,   0,   0,   0,   0],
 [  0,   0,   0,   1,   0,   0,   0,   0,   0,   0,   0,   0,   0,   0,
    0,   0,  10,   0,   0,   0,   0,   0,   0,   0,   0],
 [  0,   0,   0,   0,   0,   0,   0,   0,   0,   0,   0,   0,   0,   0,
    0,   0,   1,   1,   0,   0,   0,   0,   0,   0,   0],
 [  0,   1,   1,   0,   0,   0,   0,   0,   0,   0,   0,   0,   0,   0,
    0,   0,   0,   0,   2,   0,   0,   0,   0,   0,   0],
 [  0,   0,   0,   0,   0,   0,   0,   0,   0,   0,   0,   0,   0,   0,
    0,   0,   0,   0,   0,   4,   0,   0,   0,   0,   0],
 [  0,   0,   1,   0,   0,   0,   0,   0,   0,   0,   0,   0,   0,   0,
    0,   0,   0,   0,   0,   0,   0,   0,   0,   0,   0],
 [  0,   1,   0,   0,   0,   0,   0,   0,   0,   1,   0,   0,   0,   0,
    0,   0,   0,   0,   0,   0,   0,   0,   0,   0,   0],
 [  0,   0,   1,   0,   0,   0,   0,   0,   0,   0,   0,   0,   0,   0,
    0,   0,   0,   0,   0,   0,   0,   0,   0,   0,   0],
 [  0,   1,   0,   0,   0,   0,   0,   0,   0,   0,   0,   0,   0,   0,
    0,   0,   0,   0,   0,   0,   0,   0,   0,   0,   0],
 [  0,   0,   0,   0,   0,   0,   0,   0,   0,   0,   0,   0,   0,   0,
    0,   0,   1,   0,   0,   0,   0,   0,   0,   0,   1]]
