Seed	Label	Precision	Recall	F1	Accuracy
2	0	0.8029	0.8029	0.8029	0.8540
2	1	0.8400	0.8258	0.8329	0.8540
2	2	0.7551	0.7475	0.7513	0.8540
2	3	0.8462	0.9041	0.8742	0.8540
2	4	0.9360	0.9314	0.9337	0.8540
2	5	0.9643	0.9643	0.9643	0.8540

Confusion Matrix for Seed 2:
[[110,  12,   9,   3,   2,   1],
 [  7, 147,  10,   6,   8,   0],
 [ 15,   6,  74,   2,   2,   0],
 [  3,   3,   0,  66,   1,   0],
 [  1,   7,   5,   1, 190,   0],
 [  1,   0,   0,   0,   0,  27]]
4	0	0.8099	0.8394	0.8244	0.8748
4	1	0.8483	0.8483	0.8483	0.8748
4	2	0.8163	0.8081	0.8122	0.8748
4	3	0.8857	0.8493	0.8671	0.8748
4	4	0.9557	0.9510	0.9533	0.8748
4	5	0.9643	0.9643	0.9643	0.8748

Confusion Matrix for Seed 4:
[[115,   9,   9,   3,   1,   0],
 [ 12, 151,   7,   4,   4,   0],
 [  9,   5,  80,   1,   3,   1],
 [  4,   5,   1,  62,   1,   0],
 [  1,   8,   1,   0, 194,   0],
 [  1,   0,   0,   0,   0,  27]]
6	0	0.8060	0.7883	0.7970	0.8512
6	1	0.8644	0.8596	0.8620	0.8512
6	2	0.7528	0.6768	0.7128	0.8512
6	3	0.8514	0.8630	0.8571	0.8512
6	4	0.9151	0.9510	0.9327	0.8512
6	5	0.8182	0.9643	0.8852	0.8512

Confusion Matrix for Seed 6:
[[108,   8,  13,   4,   1,   3],
 [  5, 153,   5,   5,   9,   1],
 [ 18,   5,  67,   1,   8,   0],
 [  2,   5,   1,  63,   0,   2],
 [  0,   6,   3,   1, 194,   0],
 [  1,   0,   0,   0,   0,  27]]
8	0	0.8443	0.7518	0.7954	0.8512
8	1	0.8263	0.8820	0.8533	0.8512
8	2	0.7476	0.7778	0.7624	0.8512
8	3	0.8806	0.8082	0.8429	0.8512
8	4	0.9183	0.9363	0.9272	0.8512
8	5	0.8621	0.8929	0.8772	0.8512

Confusion Matrix for Seed 8:
[[103,  13,  16,   1,   3,   1],
 [  6, 157,   5,   3,   7,   0],
 [  9,   4,  77,   2,   5,   2],
 [  3,   8,   1,  59,   2,   0],
 [  1,   6,   3,   2, 191,   1],
 [  0,   2,   1,   0,   0,  25]]
10	0	0.8074	0.7956	0.8015	0.8442
10	1	0.8192	0.8146	0.8169	0.8442
10	2	0.7604	0.7374	0.7487	0.8442
10	3	0.8611	0.8493	0.8552	0.8442
10	4	0.9052	0.9363	0.9205	0.8442
10	5	0.9643	0.9643	0.9643	0.8442

Confusion Matrix for Seed 10:
[[109,  12,  11,   2,   3,   0],
 [ 10, 145,   8,   3,  11,   1],
 [ 13,   6,  73,   3,   4,   0],
 [  2,   6,   1,  62,   2,   0],
 [  0,   8,   3,   2, 191,   0],
 [  1,   0,   0,   0,   0,  27]]
12	0	0.8207	0.8686	0.8440	0.8651
12	1	0.8820	0.7978	0.8378	0.8651
12	2	0.8506	0.7475	0.7957	0.8651
12	3	0.8514	0.8630	0.8571	0.8651
12	4	0.8909	0.9608	0.9245	0.8651
12	5	0.8750	1.0000	0.9333	0.8651

Confusion Matrix for Seed 12:
[[119,   8,   7,   2,   0,   1],
 [  9, 142,   5,   2,  18,   2],
 [ 12,   4,  74,   4,   4,   1],
 [  4,   3,   1,  63,   2,   0],
 [  1,   4,   0,   3, 196,   0],
 [  0,   0,   0,   0,   0,  28]]
14	0	0.8657	0.8467	0.8561	0.8860
14	1	0.8736	0.8539	0.8636	0.8860
14	2	0.8041	0.7879	0.7959	0.8860
14	3	0.8933	0.9178	0.9054	0.8860
14	4	0.9333	0.9608	0.9469	0.8860
14	5	0.9655	1.0000	0.9825	0.8860

Confusion Matrix for Seed 14:
[[116,   9,   8,   2,   2,   0],
 [  8, 152,   7,   4,   7,   0],
 [  8,   6,  78,   1,   5,   1],
 [  2,   2,   2,  67,   0,   0],
 [  0,   5,   2,   1, 196,   0],
 [  0,   0,   0,   0,   0,  28]]
16	0	0.8468	0.7664	0.8046	0.8414
16	1	0.8314	0.8034	0.8171	0.8414
16	2	0.7273	0.8081	0.7656	0.8414
16	3	0.7895	0.8219	0.8054	0.8414
16	4	0.9139	0.9363	0.9249	0.8414
16	5	0.9286	0.9286	0.9286	0.8414

Confusion Matrix for Seed 16:
[[105,  11,  13,   4,   3,   1],
 [ 11, 143,   9,   5,   9,   1],
 [  7,   4,  80,   3,   5,   0],
 [  1,   9,   2,  60,   1,   0],
 [  0,   5,   5,   3, 191,   0],
 [  0,   0,   1,   1,   0,  26]]
18	0	0.8207	0.8686	0.8440	0.8512
18	1	0.8488	0.8202	0.8343	0.8512
18	2	0.7255	0.7475	0.7363	0.8512
18	3	0.9062	0.7945	0.8467	0.8512
18	4	0.9179	0.9314	0.9246	0.8512
18	5	0.8621	0.8929	0.8772	0.8512

Confusion Matrix for Seed 18:
[[119,   8,   9,   0,   1,   0],
 [ 12, 146,   8,   3,   7,   2],
 [  8,   8,  74,   1,   7,   1],
 [  5,   4,   4,  58,   2,   0],
 [  0,   6,   6,   1, 190,   1],
 [  1,   0,   1,   1,   0,  25]]
20	0	0.8837	0.8321	0.8571	0.8720
20	1	0.8387	0.8764	0.8571	0.8720
20	2	0.8021	0.7778	0.7897	0.8720
20	3	0.8493	0.8493	0.8493	0.8720
20	4	0.9190	0.9461	0.9324	0.8720
20	5	1.0000	0.8929	0.9434	0.8720

Confusion Matrix for Seed 20:
[[114,  11,   9,   3,   0,   0],
 [  4, 156,   4,   2,  12,   0],
 [  9,   5,  77,   3,   5,   0],
 [  2,   8,   1,  62,   0,   0],
 [  0,   5,   3,   3, 193,   0],
 [  0,   1,   2,   0,   0,  25]]
22	0	0.8699	0.7810	0.8231	0.8609
22	1	0.8021	0.8652	0.8324	0.8609
22	2	0.7778	0.7778	0.7778	0.8609
22	3	0.8767	0.8767	0.8767	0.8609
22	4	0.9324	0.9461	0.9392	0.8609
22	5	0.9600	0.8571	0.9057	0.8609

Confusion Matrix for Seed 22:
[[107,  15,  12,   2,   1,   0],
 [  9, 154,   7,   2,   5,   1],
 [  4,  12,  77,   1,   5,   0],
 [  2,   4,   0,  64,   3,   0],
 [  0,   7,   3,   1, 193,   0],
 [  1,   0,   0,   3,   0,  24]]
24	0	0.8267	0.9051	0.8641	0.8609
24	1	0.8353	0.7978	0.8161	0.8609
24	2	0.7500	0.7576	0.7538	0.8609
24	3	0.9130	0.8630	0.8873	0.8609
24	4	0.9403	0.9265	0.9333	0.8609
24	5	0.8966	0.9286	0.9123	0.8609

Confusion Matrix for Seed 24:
[[124,   6,   7,   0,   0,   0],
 [ 12, 142,  13,   2,   7,   2],
 [ 10,   8,  75,   1,   5,   0],
 [  1,   7,   2,  63,   0,   0],
 [  2,   7,   3,   2, 189,   1],
 [  1,   0,   0,   1,   0,  26]]
26	0	0.8425	0.7810	0.8106	0.8665
26	1	0.8191	0.8652	0.8415	0.8665
26	2	0.7917	0.7677	0.7795	0.8665
26	3	0.8649	0.8767	0.8707	0.8665
26	4	0.9463	0.9510	0.9487	0.8665
26	5	0.9655	1.0000	0.9825	0.8665

Confusion Matrix for Seed 26:
[[107,  17,  11,   1,   1,   0],
 [  7, 154,   3,   4,   9,   1],
 [ 10,  10,  76,   3,   0,   0],
 [  3,   2,   3,  64,   1,   0],
 [  0,   5,   3,   2, 194,   0],
 [  0,   0,   0,   0,   0,  28]]
28	0	0.8871	0.8029	0.8429	0.8679
28	1	0.8115	0.8708	0.8401	0.8679
28	2	0.8353	0.7172	0.7717	0.8679
28	3	0.8649	0.8767	0.8707	0.8679
28	4	0.9163	0.9657	0.9403	0.8679
28	5	0.9000	0.9643	0.9310	0.8679

Confusion Matrix for Seed 28:
[[110,  18,   4,   0,   3,   2],
 [  3, 155,   9,   4,   6,   1],
 [  9,   4,  71,   6,   9,   0],
 [  1,   7,   1,  64,   0,   0],
 [  0,   7,   0,   0, 197,   0],
 [  1,   0,   0,   0,   0,  27]]
30	0	0.8248	0.8248	0.8248	0.8609
30	1	0.8103	0.8876	0.8472	0.8609
30	2	0.7841	0.6970	0.7380	0.8609
30	3	0.9014	0.8767	0.8889	0.8609
30	4	0.9360	0.9314	0.9337	0.8609
30	5	1.0000	0.8929	0.9434	0.8609

Confusion Matrix for Seed 30:
[[113,  13,   9,   0,   2,   0],
 [  4, 158,   5,   4,   7,   0],
 [ 18,   6,  69,   2,   4,   0],
 [  1,   6,   2,  64,   0,   0],
 [  0,  10,   3,   1, 190,   0],
 [  1,   2,   0,   0,   0,  25]]
32	0	0.8406	0.8467	0.8436	0.8707
32	1	0.8261	0.8539	0.8398	0.8707
32	2	0.8041	0.7879	0.7959	0.8707
32	3	0.8919	0.9041	0.8980	0.8707
32	4	0.9409	0.9363	0.9386	0.8707
32	5	1.0000	0.8214	0.9020	0.8707

Confusion Matrix for Seed 32:
[[116,  12,   8,   1,   0,   0],
 [  9, 152,   4,   5,   8,   0],
 [ 12,   4,  78,   1,   4,   0],
 [  0,   6,   1,  66,   0,   0],
 [  0,   6,   6,   1, 191,   0],
 [  1,   4,   0,   0,   0,  23]]
34	0	0.8881	0.8686	0.8782	0.8790
34	1	0.8547	0.8596	0.8571	0.8790
34	2	0.8500	0.6869	0.7598	0.8790
34	3	0.9155	0.8904	0.9028	0.8790
34	4	0.8924	0.9755	0.9321	0.8790
34	5	0.8750	1.0000	0.9333	0.8790

Confusion Matrix for Seed 34:
[[119,   6,   9,   1,   2,   0],
 [  6, 153,   3,   3,  11,   2],
 [  8,   8,  68,   2,  11,   2],
 [  1,   7,   0,  65,   0,   0],
 [  0,   5,   0,   0, 199,   0],
 [  0,   0,   0,   0,   0,  28]]
36	0	0.8438	0.7883	0.8151	0.8470
36	1	0.8011	0.8371	0.8187	0.8470
36	2	0.7789	0.7475	0.7629	0.8470
36	3	0.8205	0.8767	0.8477	0.8470
36	4	0.9171	0.9216	0.9193	0.8470
36	5	0.9630	0.9286	0.9455	0.8470

Confusion Matrix for Seed 36:
[[108,  12,  10,   2,   4,   1],
 [  7, 149,   7,   5,  10,   0],
 [ 10,   8,  74,   4,   3,   0],
 [  1,   6,   2,  64,   0,   0],
 [  2,  11,   2,   1, 188,   0],
 [  0,   0,   0,   2,   0,  26]]
38	0	0.8182	0.8540	0.8357	0.8776
38	1	0.8605	0.8315	0.8457	0.8776
38	2	0.8021	0.7778	0.7897	0.8776
38	3	0.9286	0.8904	0.9091	0.8776
38	4	0.9390	0.9804	0.9592	0.8776
38	5	0.9600	0.8571	0.9057	0.8776

Confusion Matrix for Seed 38:
[[117,  12,   8,   0,   0,   0],
 [ 10, 148,   9,   3,   8,   0],
 [ 13,   4,  77,   1,   3,   1],
 [  1,   5,   1,  65,   1,   0],
 [  0,   3,   1,   0, 200,   0],
 [  2,   0,   0,   1,   1,  24]]
40	0	0.7817	0.8102	0.7957	0.8484
40	1	0.8182	0.8090	0.8136	0.8484
40	2	0.8256	0.7172	0.7676	0.8484
40	3	0.8250	0.9041	0.8627	0.8484
40	4	0.9363	0.9363	0.9363	0.8484
40	5	0.8710	0.9643	0.9153	0.8484

Confusion Matrix for Seed 40:
[[111,  13,   7,   3,   3,   0],
 [ 14, 144,   5,   6,   7,   2],
 [ 14,   6,  71,   4,   3,   1],
 [  3,   3,   1,  66,   0,   0],
 [  0,  10,   1,   1, 191,   1],
 [  0,   0,   1,   0,   0,  27]]
