Seed	Label	Precision	Recall	F1	Accuracy
2	0	0.8462	0.7586	0.8000	0.7687
2	1	0.7447	0.7447	0.7447	0.7687
2	2	0.7083	0.8095	0.7556	0.7687

Confusion Matrix for Seed 2:
[[44,  7,  7],
 [ 5, 35,  7],
 [ 3,  5, 34]]
4	0	0.8519	0.7931	0.8214	0.8231
4	1	0.7636	0.8936	0.8235	0.8231
4	2	0.8684	0.7857	0.8250	0.8231

Confusion Matrix for Seed 4:
[[46,  8,  4],
 [ 4, 42,  1],
 [ 4,  5, 33]]
6	0	0.7031	0.7759	0.7377	0.7551
6	1	0.7959	0.8298	0.8125	0.7551
6	2	0.7941	0.6429	0.7105	0.7551

Confusion Matrix for Seed 6:
[[45,  8,  5],
 [ 6, 39,  2],
 [13,  2, 27]]
8	0	0.7581	0.8103	0.7833	0.7483
8	1	0.7391	0.7234	0.7312	0.7483
8	2	0.7436	0.6905	0.7160	0.7483

Confusion Matrix for Seed 8:
[[47,  6,  5],
 [ 8, 34,  5],
 [ 7,  6, 29]]
10	0	0.8030	0.9138	0.8548	0.8299
10	1	0.8182	0.7660	0.7912	0.8299
10	2	0.8919	0.7857	0.8354	0.8299

Confusion Matrix for Seed 10:
[[53,  4,  1],
 [ 8, 36,  3],
 [ 5,  4, 33]]
12	0	0.7667	0.7931	0.7797	0.7619
12	1	0.8049	0.7021	0.7500	0.7619
12	2	0.7174	0.7857	0.7500	0.7619

Confusion Matrix for Seed 12:
[[46,  6,  6],
 [ 7, 33,  7],
 [ 7,  2, 33]]
14	0	0.8800	0.7586	0.8148	0.7755
14	1	0.8250	0.7021	0.7586	0.7755
14	2	0.6491	0.8810	0.7475	0.7755

Confusion Matrix for Seed 14:
[[44,  4, 10],
 [ 4, 33, 10],
 [ 2,  3, 37]]
16	0	0.7857	0.7586	0.7719	0.7687
16	1	0.7447	0.7447	0.7447	0.7687
16	2	0.7727	0.8095	0.7907	0.7687

Confusion Matrix for Seed 16:
[[44,  9,  5],
 [ 7, 35,  5],
 [ 5,  3, 34]]
18	0	0.8000	0.7586	0.7788	0.7211
18	1	0.7250	0.6170	0.6667	0.7211
18	2	0.6346	0.7857	0.7021	0.7211

Confusion Matrix for Seed 18:
[[44,  5,  9],
 [ 8, 29, 10],
 [ 3,  6, 33]]
20	0	0.8163	0.6897	0.7477	0.7551
20	1	0.7755	0.8085	0.7917	0.7551
20	2	0.6735	0.7857	0.7253	0.7551

Confusion Matrix for Seed 20:
[[40,  6, 12],
 [ 5, 38,  4],
 [ 4,  5, 33]]
22	0	0.7857	0.7586	0.7719	0.7483
22	1	0.7111	0.6809	0.6957	0.7483
22	2	0.7391	0.8095	0.7727	0.7483

Confusion Matrix for Seed 22:
[[44,  9,  5],
 [ 8, 32,  7],
 [ 4,  4, 34]]
24	0	0.7727	0.8793	0.8226	0.7891
24	1	0.8462	0.7021	0.7674	0.7891
24	2	0.7619	0.7619	0.7619	0.7891

Confusion Matrix for Seed 24:
[[51,  3,  4],
 [ 8, 33,  6],
 [ 7,  3, 32]]
26	0	0.7407	0.6897	0.7143	0.7551
26	1	0.7308	0.8085	0.7677	0.7551
26	2	0.8049	0.7857	0.7952	0.7551

Confusion Matrix for Seed 26:
[[40, 13,  5],
 [ 6, 38,  3],
 [ 8,  1, 33]]
28	0	0.8182	0.7759	0.7965	0.7483
28	1	0.7045	0.6596	0.6813	0.7483
28	2	0.7083	0.8095	0.7556	0.7483

Confusion Matrix for Seed 28:
[[45,  8,  5],
 [ 7, 31,  9],
 [ 3,  5, 34]]
30	0	0.7797	0.7931	0.7863	0.7619
30	1	0.7917	0.8085	0.8000	0.7619
30	2	0.7000	0.6667	0.6829	0.7619

Confusion Matrix for Seed 30:
[[46,  5,  7],
 [ 4, 38,  5],
 [ 9,  5, 28]]
32	0	0.7258	0.7759	0.7500	0.7279
32	1	0.7045	0.6596	0.6813	0.7279
32	2	0.7561	0.7381	0.7470	0.7279

Confusion Matrix for Seed 32:
[[45,  9,  4],
 [10, 31,  6],
 [ 7,  4, 31]]
34	0	0.8000	0.8966	0.8455	0.8163
34	1	0.8409	0.7872	0.8132	0.8163
34	2	0.8158	0.7381	0.7750	0.8163

Confusion Matrix for Seed 34:
[[52,  3,  3],
 [ 6, 37,  4],
 [ 7,  4, 31]]
36	0	0.7719	0.7586	0.7652	0.7483
36	1	0.7255	0.7872	0.7551	0.7483
36	2	0.7436	0.6905	0.7160	0.7483

Confusion Matrix for Seed 36:
[[44,  8,  6],
 [ 6, 37,  4],
 [ 7,  6, 29]]
38	0	0.6716	0.7759	0.7200	0.6735
38	1	0.6923	0.5745	0.6279	0.6735
38	2	0.6585	0.6429	0.6506	0.6735

Confusion Matrix for Seed 38:
[[45,  8,  5],
 [11, 27,  9],
 [11,  4, 27]]
40	0	0.7619	0.8276	0.7934	0.7755
40	1	0.7778	0.7447	0.7609	0.7755
40	2	0.7949	0.7381	0.7654	0.7755

Confusion Matrix for Seed 40:
[[48,  5,  5],
 [ 9, 35,  3],
 [ 6,  5, 31]]
