Seed	Label	Precision	Recall	F1	Accuracy
2	0	0.7843	0.7018	0.7407	0.7418
2	1	0.7021	0.7021	0.7021	0.7418
2	2	0.6792	0.8571	0.7579	0.7418
2	3	0.7500	0.6923	0.7200	0.7418
2	4	0.8182	0.7500	0.7826	0.7418
2	5	1.0000	0.7273	0.8421	0.7418

Confusion Matrix for Seed 2:
[[40, 11,  5,  0,  1,  0],
 [ 3, 33,  9,  2,  0,  0],
 [ 5,  0, 36,  0,  1,  0],
 [ 1,  1,  2,  9,  0,  0],
 [ 1,  1,  0,  1,  9,  0],
 [ 1,  1,  1,  0,  0,  8]]
4	0	0.8235	0.7368	0.7778	0.7747
4	1	0.6842	0.8298	0.7500	0.7747
4	2	0.7381	0.7381	0.7381	0.7747
4	3	0.8333	0.7692	0.8000	0.7747
4	4	1.0000	0.8333	0.9091	0.7747
4	5	0.9000	0.8182	0.8571	0.7747

Confusion Matrix for Seed 4:
[[42,  9,  6,  0,  0,  0],
 [ 5, 39,  3,  0,  0,  0],
 [ 4,  4, 31,  2,  0,  1],
 [ 0,  2,  1, 10,  0,  0],
 [ 0,  1,  1,  0, 10,  0],
 [ 0,  2,  0,  0,  0,  9]]
6	0	0.7458	0.7719	0.7586	0.7802
6	1	0.7600	0.8085	0.7835	0.7802
6	2	0.7857	0.7857	0.7857	0.7802
6	3	0.8182	0.6923	0.7500	0.7802
6	4	1.0000	0.8333	0.9091	0.7802
6	5	0.8000	0.7273	0.7619	0.7802

Confusion Matrix for Seed 6:
[[44,  8,  4,  1,  0,  0],
 [ 4, 38,  2,  1,  0,  2],
 [ 9,  0, 33,  0,  0,  0],
 [ 0,  3,  1,  9,  0,  0],
 [ 1,  1,  0,  0, 10,  0],
 [ 1,  0,  2,  0,  0,  8]]
8	0	0.7258	0.7895	0.7563	0.7473
8	1	0.6939	0.7234	0.7083	0.7473
8	2	0.7692	0.7143	0.7407	0.7473
8	3	0.7500	0.6923	0.7200	0.7473
8	4	0.8889	0.6667	0.7619	0.7473
8	5	0.9091	0.9091	0.9091	0.7473

Confusion Matrix for Seed 8:
[[45,  6,  6,  0,  0,  0],
 [ 8, 34,  2,  2,  0,  1],
 [ 6,  5, 30,  0,  1,  0],
 [ 2,  2,  0,  9,  0,  0],
 [ 1,  2,  0,  1,  8,  0],
 [ 0,  0,  1,  0,  0, 10]]
10	0	0.7313	0.8596	0.7903	0.8077
10	1	0.8108	0.6383	0.7143	0.8077
10	2	0.8684	0.7857	0.8250	0.8077
10	3	0.8667	1.0000	0.9286	0.8077
10	4	0.9231	1.0000	0.9600	0.8077
10	5	0.8333	0.9091	0.8696	0.8077

Confusion Matrix for Seed 10:
[[49,  4,  2,  1,  1,  0],
 [12, 30,  3,  0,  0,  2],
 [ 5,  3, 33,  1,  0,  0],
 [ 0,  0,  0, 13,  0,  0],
 [ 0,  0,  0,  0, 12,  0],
 [ 1,  0,  0,  0,  0, 10]]
12	0	0.7818	0.7544	0.7679	0.7582
12	1	0.7447	0.7447	0.7447	0.7582
12	2	0.7209	0.7381	0.7294	0.7582
12	3	0.6667	0.7692	0.7143	0.7582
12	4	0.8889	0.6667	0.7619	0.7582
12	5	0.8462	1.0000	0.9167	0.7582

Confusion Matrix for Seed 12:
[[43,  4,  8,  1,  1,  0],
 [ 5, 35,  3,  2,  0,  2],
 [ 5,  4, 31,  2,  0,  0],
 [ 1,  2,  0, 10,  0,  0],
 [ 1,  2,  1,  0,  8,  0],
 [ 0,  0,  0,  0,  0, 11]]
14	0	0.8571	0.6316	0.7273	0.7527
14	1	0.7292	0.7447	0.7368	0.7527
14	2	0.6000	0.7857	0.6804	0.7527
14	3	0.9231	0.9231	0.9231	0.7527
14	4	0.8462	0.9167	0.8800	0.7527
14	5	0.9091	0.9091	0.9091	0.7527

Confusion Matrix for Seed 14:
[[36,  8, 13,  0,  0,  0],
 [ 2, 35,  8,  1,  0,  1],
 [ 4,  3, 33,  0,  2,  0],
 [ 0,  1,  0, 12,  0,  0],
 [ 0,  1,  0,  0, 11,  0],
 [ 0,  0,  1,  0,  0, 10]]
16	0	0.7593	0.7193	0.7387	0.7527
16	1	0.7561	0.6596	0.7045	0.7527
16	2	0.6800	0.8095	0.7391	0.7527
16	3	0.8333	0.7692	0.8000	0.7527
16	4	0.7857	0.9167	0.8462	0.7527
16	5	0.9091	0.9091	0.9091	0.7527

Confusion Matrix for Seed 16:
[[41,  7,  8,  0,  1,  0],
 [ 8, 31,  6,  1,  1,  0],
 [ 4,  2, 34,  1,  0,  1],
 [ 1,  0,  1, 10,  1,  0],
 [ 0,  1,  0,  0, 11,  0],
 [ 0,  0,  1,  0,  0, 10]]
18	0	0.8148	0.7719	0.7928	0.7198
18	1	0.6512	0.5957	0.6222	0.7198
18	2	0.6042	0.6905	0.6444	0.7198
18	3	0.8462	0.8462	0.8462	0.7198
18	4	0.7333	0.9167	0.8148	0.7198
18	5	0.8889	0.7273	0.8000	0.7198

Confusion Matrix for Seed 18:
[[44,  4,  8,  0,  1,  0],
 [ 6, 28, 10,  1,  1,  1],
 [ 3,  8, 29,  0,  2,  0],
 [ 0,  2,  0, 11,  0,  0],
 [ 0,  0,  1,  0, 11,  0],
 [ 1,  1,  0,  1,  0,  8]]
20	0	0.7736	0.7193	0.7455	0.7143
20	1	0.7174	0.7021	0.7097	0.7143
20	2	0.6000	0.7143	0.6522	0.7143
20	3	0.7273	0.6154	0.6667	0.7143
20	4	0.9091	0.8333	0.8696	0.7143
20	5	0.7273	0.7273	0.7273	0.7143

Confusion Matrix for Seed 20:
[[41,  4, 11,  0,  0,  1],
 [ 5, 33,  7,  1,  0,  1],
 [ 5,  4, 30,  1,  1,  1],
 [ 2,  3,  0,  8,  0,  0],
 [ 0,  0,  1,  1, 10,  0],
 [ 0,  2,  1,  0,  0,  8]]
22	0	0.7407	0.7018	0.7207	0.7198
22	1	0.6800	0.7234	0.7010	0.7198
22	2	0.6905	0.6905	0.6905	0.7198
22	3	0.9231	0.9231	0.9231	0.7198
22	4	0.5833	0.5833	0.5833	0.7198
22	5	0.8182	0.8182	0.8182	0.7198

Confusion Matrix for Seed 22:
[[40, 10,  5,  0,  1,  1],
 [ 4, 34,  6,  0,  2,  1],
 [ 9,  2, 29,  0,  2,  0],
 [ 0,  1,  0, 12,  0,  0],
 [ 1,  3,  1,  0,  7,  0],
 [ 0,  0,  1,  1,  0,  9]]
24	0	0.8103	0.8246	0.8174	0.7857
24	1	0.7500	0.7021	0.7253	0.7857
24	2	0.7907	0.8095	0.8000	0.7857
24	3	0.7500	0.6923	0.7200	0.7857
24	4	0.9091	0.8333	0.8696	0.7857
24	5	0.7143	0.9091	0.8000	0.7857

Confusion Matrix for Seed 24:
[[47,  8,  2,  0,  0,  0],
 [ 6, 33,  4,  2,  0,  2],
 [ 4,  3, 34,  0,  1,  0],
 [ 1,  0,  2,  9,  0,  1],
 [ 0,  0,  1,  0, 10,  1],
 [ 0,  0,  0,  1,  0, 10]]
26	0	0.7647	0.6842	0.7222	0.7802
26	1	0.7647	0.8298	0.7959	0.7802
26	2	0.7907	0.8095	0.8000	0.7802
26	3	0.9091	0.7692	0.8333	0.7802
26	4	0.6875	0.9167	0.7857	0.7802
26	5	0.9000	0.8182	0.8571	0.7802

Confusion Matrix for Seed 26:
[[39, 10,  6,  1,  1,  0],
 [ 4, 39,  0,  0,  3,  1],
 [ 6,  2, 34,  0,  0,  0],
 [ 2,  0,  0, 10,  1,  0],
 [ 0,  0,  1,  0, 11,  0],
 [ 0,  0,  2,  0,  0,  9]]
28	0	0.8627	0.7719	0.8148	0.7308
28	1	0.6667	0.6809	0.6737	0.7308
28	2	0.6591	0.6905	0.6744	0.7308
28	3	0.7000	0.5385	0.6087	0.7308
28	4	0.6250	0.8333	0.7143	0.7308
28	5	0.8462	1.0000	0.9167	0.7308

Confusion Matrix for Seed 28:
[[44,  7,  4,  0,  1,  1],
 [ 2, 32,  9,  0,  3,  1],
 [ 3,  6, 29,  3,  1,  0],
 [ 2,  1,  2,  7,  1,  0],
 [ 0,  2,  0,  0, 10,  0],
 [ 0,  0,  0,  0,  0, 11]]
30	0	0.7966	0.8246	0.8103	0.7747
30	1	0.7400	0.7872	0.7629	0.7747
30	2	0.7179	0.6667	0.6914	0.7747
30	3	0.8000	0.9231	0.8571	0.7747
30	4	0.8182	0.7500	0.7826	0.7747
30	5	1.0000	0.7273	0.8421	0.7747

Confusion Matrix for Seed 30:
[[47,  6,  4,  0,  0,  0],
 [ 4, 37,  3,  2,  1,  0],
 [ 8,  5, 28,  0,  1,  0],
 [ 0,  0,  1, 12,  0,  0],
 [ 0,  1,  1,  1,  9,  0],
 [ 0,  1,  2,  0,  0,  8]]
32	0	0.7857	0.7719	0.7788	0.7253
32	1	0.6585	0.5745	0.6136	0.7253
32	2	0.7273	0.7619	0.7442	0.7253
32	3	0.7333	0.8462	0.7857	0.7253
32	4	0.7059	1.0000	0.8276	0.7253
32	5	0.6667	0.5455	0.6000	0.7253

Confusion Matrix for Seed 32:
[[44,  8,  3,  1,  0,  1],
 [ 5, 27,  8,  1,  5,  1],
 [ 6,  3, 32,  1,  0,  0],
 [ 0,  0,  1, 11,  0,  1],
 [ 0,  0,  0,  0, 12,  0],
 [ 1,  3,  0,  1,  0,  6]]
34	0	0.8545	0.8246	0.8393	0.8022
34	1	0.7170	0.8085	0.7600	0.8022
34	2	0.8056	0.6905	0.7436	0.8022
34	3	0.7333	0.8462	0.7857	0.8022
34	4	0.9167	0.9167	0.9167	0.8022
34	5	0.9091	0.9091	0.9091	0.8022

Confusion Matrix for Seed 34:
[[47,  7,  2,  0,  0,  1],
 [ 2, 38,  3,  3,  1,  0],
 [ 5,  7, 29,  1,  0,  0],
 [ 1,  0,  1, 11,  0,  0],
 [ 0,  1,  0,  0, 11,  0],
 [ 0,  0,  1,  0,  0, 10]]
36	0	0.7959	0.6842	0.7358	0.7088
36	1	0.6786	0.8085	0.7379	0.7088
36	2	0.6410	0.5952	0.6173	0.7088
36	3	0.6250	0.7692	0.6897	0.7088
36	4	0.6667	0.8333	0.7407	0.7088
36	5	1.0000	0.6364	0.7778	0.7088

Confusion Matrix for Seed 36:
[[39,  7,  8,  2,  1,  0],
 [ 3, 38,  3,  1,  2,  0],
 [ 7,  6, 25,  2,  2,  0],
 [ 0,  3,  0, 10,  0,  0],
 [ 0,  1,  1,  0, 10,  0],
 [ 0,  1,  2,  1,  0,  7]]
38	0	0.6567	0.7719	0.7097	0.7088
38	1	0.6444	0.6170	0.6304	0.7088
38	2	0.7179	0.6667	0.6914	0.7088
38	3	0.9091	0.7692	0.8333	0.7088
38	4	0.8462	0.9167	0.8800	0.7088
38	5	1.0000	0.6364	0.7778	0.7088

Confusion Matrix for Seed 38:
[[44,  8,  5,  0,  0,  0],
 [10, 29,  5,  1,  2,  0],
 [10,  4, 28,  0,  0,  0],
 [ 2,  1,  0, 10,  0,  0],
 [ 0,  1,  0,  0, 11,  0],
 [ 1,  2,  1,  0,  0,  7]]
40	0	0.7736	0.7193	0.7455	0.7308
40	1	0.6522	0.6383	0.6452	0.7308
40	2	0.6809	0.7619	0.7191	0.7308
40	3	0.8182	0.6923	0.7500	0.7308
40	4	0.9091	0.8333	0.8696	0.7308
40	5	0.7857	1.0000	0.8800	0.7308

Confusion Matrix for Seed 40:
[[41,  8,  8,  0,  0,  0],
 [ 8, 30,  6,  0,  1,  2],
 [ 4,  4, 32,  2,  0,  0],
 [ 0,  3,  1,  9,  0,  0],
 [ 0,  1,  0,  0, 10,  1],
 [ 0,  0,  0,  0,  0, 11]]
