Seed	Label	Precision	Recall	F1	Accuracy
2	0	0.6500	0.6842	0.6667	0.6648
2	1	0.6122	0.6383	0.6250	0.6648
2	2	0.6286	0.5238	0.5714	0.6648
2	3	0.7143	0.7692	0.7407	0.6648
2	4	0.7692	0.8333	0.8000	0.6648
2	5	0.9091	0.9091	0.9091	0.6648

Confusion Matrix for Seed 2:
[[39, 11,  5,  0,  1,  1],
 [ 5, 30,  8,  3,  1,  0],
 [14,  5, 22,  0,  1,  0],
 [ 1,  2,  0, 10,  0,  0],
 [ 0,  1,  0,  1, 10,  0],
 [ 1,  0,  0,  0,  0, 10]]
4	0	0.7377	0.7895	0.7627	0.7802
4	1	0.8043	0.7872	0.7957	0.7802
4	2	0.8286	0.6905	0.7532	0.7802
4	3	0.6923	0.6923	0.6923	0.7802
4	4	0.7500	1.0000	0.8571	0.7802
4	5	0.9091	0.9091	0.9091	0.7802

Confusion Matrix for Seed 4:
[[45,  6,  4,  2,  0,  0],
 [ 5, 37,  1,  1,  3,  0],
 [ 8,  2, 29,  1,  1,  1],
 [ 2,  1,  1,  9,  0,  0],
 [ 0,  0,  0,  0, 12,  0],
 [ 1,  0,  0,  0,  0, 10]]
6	0	0.6557	0.7018	0.6780	0.7088
6	1	0.8163	0.8511	0.8333	0.7088
6	2	0.6667	0.4762	0.5556	0.7088
6	3	0.6667	0.7692	0.7143	0.7088
6	4	0.6429	0.7500	0.6923	0.7088
6	5	0.7692	0.9091	0.8333	0.7088

Confusion Matrix for Seed 6:
[[40,  6,  6,  3,  1,  1],
 [ 3, 40,  1,  1,  1,  1],
 [17,  1, 20,  1,  3,  0],
 [ 0,  2,  0, 10,  0,  1],
 [ 0,  0,  3,  0,  9,  0],
 [ 1,  0,  0,  0,  0, 10]]
8	0	0.7600	0.6667	0.7103	0.7198
8	1	0.7091	0.8298	0.7647	0.7198
8	2	0.6757	0.5952	0.6329	0.7198
8	3	0.7692	0.7692	0.7692	0.7198
8	4	0.6875	0.9167	0.7857	0.7198
8	5	0.7273	0.7273	0.7273	0.7198

Confusion Matrix for Seed 8:
[[38,  9,  7,  1,  2,  0],
 [ 3, 39,  4,  1,  0,  0],
 [ 8,  3, 25,  1,  3,  2],
 [ 1,  2,  0, 10,  0,  0],
 [ 0,  0,  0,  0, 11,  1],
 [ 0,  2,  1,  0,  0,  8]]
10	0	0.6774	0.7368	0.7059	0.7088
10	1	0.7442	0.6809	0.7111	0.7088
10	2	0.6471	0.5238	0.5789	0.7088
10	3	0.7333	0.8462	0.7857	0.7088
10	4	0.7059	1.0000	0.8276	0.7088
10	5	0.9091	0.9091	0.9091	0.7088

Confusion Matrix for Seed 10:
[[42,  6,  6,  0,  3,  0],
 [ 7, 32,  6,  1,  0,  1],
 [11,  4, 22,  3,  2,  0],
 [ 1,  1,  0, 11,  0,  0],
 [ 0,  0,  0,  0, 12,  0],
 [ 1,  0,  0,  0,  0, 10]]
12	0	0.7077	0.8070	0.7541	0.7253
12	1	0.7674	0.7021	0.7333	0.7253
12	2	0.7333	0.5238	0.6111	0.7253
12	3	0.6000	0.6923	0.6429	0.7253
12	4	0.6875	0.9167	0.7857	0.7253
12	5	0.8462	1.0000	0.9167	0.7253

Confusion Matrix for Seed 12:
[[46,  6,  3,  2,  0,  0],
 [ 4, 33,  5,  1,  3,  1],
 [12,  2, 22,  3,  2,  1],
 [ 2,  2,  0,  9,  0,  0],
 [ 1,  0,  0,  0, 11,  0],
 [ 0,  0,  0,  0,  0, 11]]
14	0	0.7759	0.7895	0.7826	0.8022
14	1	0.7843	0.8511	0.8163	0.8022
14	2	0.7879	0.6190	0.6933	0.8022
14	3	0.9231	0.9231	0.9231	0.8022
14	4	0.7500	1.0000	0.8571	0.8022
14	5	1.0000	1.0000	1.0000	0.8022

Confusion Matrix for Seed 14:
[[45,  5,  5,  0,  2,  0],
 [ 4, 40,  2,  1,  0,  0],
 [ 8,  6, 26,  0,  2,  0],
 [ 1,  0,  0, 12,  0,  0],
 [ 0,  0,  0,  0, 12,  0],
 [ 0,  0,  0,  0,  0, 11]]
16	0	0.7174	0.5789	0.6408	0.6923
16	1	0.7143	0.7447	0.7292	0.6923
16	2	0.6341	0.6190	0.6265	0.6923
16	3	0.5882	0.7692	0.6667	0.6923
16	4	0.6667	1.0000	0.8000	0.6923
16	5	0.9091	0.9091	0.9091	0.6923

Confusion Matrix for Seed 16:
[[33,  9,  9,  3,  3,  0],
 [ 5, 35,  5,  1,  0,  1],
 [ 7,  3, 26,  3,  3,  0],
 [ 1,  2,  0, 10,  0,  0],
 [ 0,  0,  0,  0, 12,  0],
 [ 0,  0,  1,  0,  0, 10]]
18	0	0.7377	0.7895	0.7627	0.7198
18	1	0.6889	0.6596	0.6739	0.7198
18	2	0.6842	0.6190	0.6500	0.7198
18	3	0.8333	0.7692	0.8000	0.7198
18	4	0.7692	0.8333	0.8000	0.7198
18	5	0.6923	0.8182	0.7500	0.7198

Confusion Matrix for Seed 18:
[[45,  6,  5,  0,  1,  0],
 [ 8, 31,  6,  0,  0,  2],
 [ 6,  6, 26,  1,  2,  1],
 [ 2,  1,  0, 10,  0,  0],
 [ 0,  1,  0,  0, 10,  1],
 [ 0,  0,  1,  1,  0,  9]]
20	0	0.7843	0.7018	0.7407	0.7253
20	1	0.7119	0.8936	0.7925	0.7253
20	2	0.6757	0.5952	0.6329	0.7253
20	3	0.4667	0.5385	0.5000	0.7253
20	4	0.8333	0.8333	0.8333	0.7253
20	5	1.0000	0.7273	0.8421	0.7253

Confusion Matrix for Seed 20:
[[40,  9,  5,  3,  0,  0],
 [ 1, 42,  3,  1,  0,  0],
 [ 9,  3, 25,  3,  2,  0],
 [ 1,  4,  1,  7,  0,  0],
 [ 0,  0,  1,  1, 10,  0],
 [ 0,  1,  2,  0,  0,  8]]
22	0	0.8125	0.6842	0.7429	0.7308
22	1	0.6471	0.7021	0.6735	0.7308
22	2	0.6829	0.6667	0.6747	0.7308
22	3	0.8000	0.9231	0.8571	0.7308
22	4	0.6875	0.9167	0.7857	0.7308
22	5	0.9091	0.9091	0.9091	0.7308

Confusion Matrix for Seed 22:
[[39, 10,  7,  0,  1,  0],
 [ 5, 33,  6,  1,  1,  1],
 [ 3,  7, 28,  1,  3,  0],
 [ 1,  0,  0, 12,  0,  0],
 [ 0,  1,  0,  0, 11,  0],
 [ 0,  0,  0,  1,  0, 10]]
24	0	0.7460	0.8246	0.7833	0.7033
24	1	0.7045	0.6596	0.6813	0.7033
24	2	0.5897	0.5476	0.5679	0.7033
24	3	0.8182	0.6923	0.7500	0.7033
24	4	0.6923	0.7500	0.7200	0.7033
24	5	0.7500	0.8182	0.7826	0.7033

Confusion Matrix for Seed 24:
[[47,  5,  5,  0,  0,  0],
 [ 5, 31,  8,  0,  1,  2],
 [ 9,  6, 23,  1,  3,  0],
 [ 1,  1,  2,  9,  0,  0],
 [ 0,  1,  1,  0,  9,  1],
 [ 1,  0,  0,  1,  0,  9]]
26	0	0.7037	0.6667	0.6847	0.7363
26	1	0.7273	0.8511	0.7843	0.7363
26	2	0.6970	0.5476	0.6133	0.7363
26	3	0.7692	0.7692	0.7692	0.7363
26	4	0.8000	1.0000	0.8889	0.7363
26	5	0.9167	1.0000	0.9565	0.7363

Confusion Matrix for Seed 26:
[[38,  8,  9,  1,  1,  0],
 [ 3, 40,  1,  0,  2,  1],
 [10,  7, 23,  2,  0,  0],
 [ 3,  0,  0, 10,  0,  0],
 [ 0,  0,  0,  0, 12,  0],
 [ 0,  0,  0,  0,  0, 11]]
28	0	0.8182	0.7895	0.8036	0.7308
28	1	0.7000	0.7447	0.7216	0.7308
28	2	0.7097	0.5238	0.6027	0.7308
28	3	0.6250	0.7692	0.6897	0.7308
28	4	0.5556	0.8333	0.6667	0.7308
28	5	0.9167	1.0000	0.9565	0.7308

Confusion Matrix for Seed 28:
[[45,  8,  2,  0,  1,  1],
 [ 1, 35,  6,  1,  4,  0],
 [ 8,  4, 22,  5,  3,  0],
 [ 1,  1,  1, 10,  0,  0],
 [ 0,  2,  0,  0, 10,  0],
 [ 0,  0,  0,  0,  0, 11]]
30	0	0.7333	0.7719	0.7521	0.7363
30	1	0.6897	0.8511	0.7619	0.7363
30	2	0.7500	0.5000	0.6000	0.7363
30	3	0.7333	0.8462	0.7857	0.7363
30	4	0.7500	0.7500	0.7500	0.7363
30	5	1.0000	0.8182	0.9000	0.7363

Confusion Matrix for Seed 30:
[[44,  9,  3,  0,  1,  0],
 [ 4, 40,  2,  1,  0,  0],
 [12,  5, 21,  2,  2,  0],
 [ 0,  1,  1, 11,  0,  0],
 [ 0,  1,  1,  1,  9,  0],
 [ 0,  2,  0,  0,  0,  9]]
32	0	0.7377	0.7895	0.7627	0.7418
32	1	0.6939	0.7234	0.7083	0.7418
32	2	0.7879	0.6190	0.6933	0.7418
32	3	0.7059	0.9231	0.8000	0.7418
32	4	0.7500	1.0000	0.8571	0.7418
32	5	1.0000	0.5455	0.7059	0.7418

Confusion Matrix for Seed 32:
[[45,  8,  3,  1,  0,  0],
 [ 4, 34,  4,  3,  2,  0],
 [11,  2, 26,  1,  2,  0],
 [ 0,  1,  0, 12,  0,  0],
 [ 0,  0,  0,  0, 12,  0],
 [ 1,  4,  0,  0,  0,  6]]
34	0	0.8226	0.8947	0.8571	0.7802
34	1	0.7551	0.7872	0.7708	0.7802
34	2	0.8462	0.5238	0.6471	0.7802
34	3	0.7143	0.7692	0.7407	0.7802
34	4	0.5789	0.9167	0.7097	0.7802
34	5	0.9167	1.0000	0.9565	0.7802

Confusion Matrix for Seed 34:
[[51,  3,  2,  0,  1,  0],
 [ 2, 37,  2,  2,  3,  1],
 [ 8,  6, 22,  2,  4,  0],
 [ 1,  2,  0, 10,  0,  0],
 [ 0,  1,  0,  0, 11,  0],
 [ 0,  0,  0,  0,  0, 11]]
36	0	0.7925	0.7368	0.7636	0.7308
36	1	0.7091	0.8298	0.7647	0.7308
36	2	0.7333	0.5238	0.6111	0.7308
36	3	0.5500	0.8462	0.6667	0.7308
36	4	0.6667	0.8333	0.7407	0.7308
36	5	1.0000	0.8182	0.9000	0.7308

Confusion Matrix for Seed 36:
[[42,  5,  6,  2,  2,  0],
 [ 3, 39,  2,  1,  2,  0],
 [ 8,  7, 22,  4,  1,  0],
 [ 0,  2,  0, 11,  0,  0],
 [ 0,  2,  0,  0, 10,  0],
 [ 0,  0,  0,  2,  0,  9]]
38	0	0.7069	0.7193	0.7130	0.7308
38	1	0.7000	0.7447	0.7216	0.7308
38	2	0.6944	0.5952	0.6410	0.7308
38	3	0.8125	1.0000	0.8966	0.7308
38	4	0.8462	0.9167	0.8800	0.7308
38	5	0.8889	0.7273	0.8000	0.7308

Confusion Matrix for Seed 38:
[[41, 11,  5,  0,  0,  0],
 [ 4, 35,  6,  1,  1,  0],
 [12,  3, 25,  1,  0,  1],
 [ 0,  0,  0, 13,  0,  0],
 [ 0,  1,  0,  0, 11,  0],
 [ 1,  0,  0,  1,  1,  8]]
40	0	0.7213	0.7719	0.7458	0.7088
40	1	0.6600	0.7021	0.6804	0.7088
40	2	0.7500	0.5000	0.6000	0.7088
40	3	0.6875	0.8462	0.7586	0.7088
40	4	0.7500	0.7500	0.7500	0.7088
40	5	0.7333	1.0000	0.8462	0.7088

Confusion Matrix for Seed 40:
[[44,  9,  2,  1,  1,  0],
 [ 7, 33,  4,  0,  1,  2],
 [10,  5, 21,  4,  1,  1],
 [ 0,  2,  0, 11,  0,  0],
 [ 0,  1,  1,  0,  9,  1],
 [ 0,  0,  0,  0,  0, 11]]
